n 300
m 1
tmax 22.500000
0.777853 0.293870 0
0.223290 0.454616 4
0.997191 0.454836 7
0.321874 0.031610 8
0.622581 0.136061 5
0.482714 0.828390 8
0.882191 0.795774 10
0.886533 0.742258 2
0.731897 0.422349 6
0.502235 0.150539 6
0.006235 0.778073 6
0.027190 0.516597 6
0.994759 0.617104 7
0.642471 0.551919 3
0.963979 0.964948 4
0.390220 0.536313 6
0.653994 0.379347 9
0.006465 0.119390 10
0.170835 0.304113 3
0.539524 0.103356 4
0.034890 0.956228 1
0.955108 0.824630 3
0.620549 0.596843 8
0.727805 0.814644 7
0.611614 0.002315 7
0.096367 0.074417 6
0.755516 0.255602 6
0.900948 0.342279 11
0.062762 0.750162 10
0.285043 0.350988 6
0.700051 0.147976 2
0.224769 0.370696 7
0.564402 0.735920 9
0.065803 0.987109 3
0.102635 0.269577 9
0.239661 0.294578 8
0.754303 0.918306 2
0.061226 0.279819 4
0.011324 0.763525 6
0.643839 0.070601 9
0.287970 0.962616 3
0.976765 0.988789 10
0.646869 0.832329 2
0.975197 0.739859 9
0.527013 0.900419 1
0.789987 0.274193 4
0.493644 0.826761 3
0.854520 0.986305 1
0.047588 0.183845 6
0.367211 0.998198 5
0.363910 0.997126 3
0.633989 0.760058 2
0.118370 0.835129 9
0.729066 0.425438 10
0.259576 0.586311 6
0.285014 0.575684 2
0.255374 0.504771 4
0.171663 0.656029 3
0.477880 0.792072 10
0.000605 0.618352 3
0.400277 0.610411 2
0.598404 0.457053 7
0.626914 0.336086 4
0.100238 0.909430 10
0.721840 0.818952 5
0.592933 0.963832 2
0.610581 0.522141 7
0.356480 0.901803 10
0.293917 0.819082 9
0.640527 0.167676 3
0.560119 0.430153 5
0.977805 0.373021 3
0.312576 0.147957 4
0.947573 0.919820 6
0.855792 0.007315 6
0.598123 0.649975 4
0.763556 0.892247 1
0.924649 0.764736 3
0.833900 0.566346 5
0.188144 0.815238 9
0.397853 0.247927 3
0.834033 0.994545 7
0.532374 0.342374 2
0.571177 0.603236 3
0.829150 0.649056 8
0.861911 0.799054 6
0.782636 0.936954 6
0.176638 0.708479 9
0.417711 0.550595 2
0.615452 0.502995 10
0.308214 0.328088 7
0.397201 0.047287 7
0.518969 0.132216 6
0.577946 0.761337 2
0.600882 0.522061 7
0.076201 0.657844 10
0.828371 0.470386 3
0.604552 0.074718 6
0.636910 0.592670 3
0.544717 0.126598 9
0.396326 0.591288 10
0.265745 0.528804 7
0.538242 0.337918 9
0.540821 0.311181 4
0.625898 0.323618 2
0.734344 0.675808 4
0.785447 0.859842 6
0.764122 0.613627 7
0.376573 0.883080 5
0.338787 0.196330 4
0.271932 0.193668 3
0.942781 0.652114 7
0.683019 0.565010 11
0.246962 0.658920 4
0.763367 0.813303 6
0.562329 0.789729 9
0.982257 0.189540 8
0.974249 0.513146 4
0.931885 0.465998 5
0.290563 0.090599 4
0.742487 0.606938 7
0.587046 0.584598 7
0.932520 0.995043 1
0.724278 0.955648 10
0.513058 0.771053 10
0.913939 0.848882 10
0.251836 0.272232 2
0.907620 0.361874 7
0.824375 0.099440 3
0.342000 0.679733 2
0.469225 0.235807 5
0.872486 0.681348 10
0.650626 0.386834 4
0.466497 0.184417 8
0.830946 0.748020 10
0.758373 0.618385 6
0.949243 0.079317 10
0.005436 0.484702 7
0.516799 0.148066 4
0.748730 0.731446 10
0.408947 0.042877 9
0.844031 0.910169 9
0.274045 0.088893 10
0.469949 0.623126 2
0.475219 0.553871 6
0.267274 0.682552 2
0.634965 0.526100 7
0.562014 0.014674 8
0.923297 0.450271 11
0.252481 0.262705 7
0.437373 0.711840 3
0.376942 0.127726 10
0.741325 0.264962 1
0.712876 0.278943 4
0.852233 0.900616 6
0.431670 0.051349 9
0.767397 0.701080 6
0.175140 0.137131 7
0.265827 0.297877 8
0.542751 0.130271 4
0.007681 0.737241 10
0.877385 0.071133 1
0.978062 0.460383 7
0.697303 0.729051 6
0.860070 0.555220 5
0.550810 0.155171 6
0.449942 0.028607 2
0.302329 0.762636 7
0.351134 0.606107 4
0.090439 0.180774 12
0.624614 0.828135 10
0.826028 0.308486 7
0.000483 0.077989 6
0.128433 0.287271 3
0.668324 0.727963 9
0.980321 0.342773 7
0.158496 0.036782 11
0.265019 0.853688 5
0.718124 0.869702 9
0.122009 0.625564 7
0.960983 0.538363 8
0.046831 0.087741 12
0.058925 0.020552 10
0.971930 0.947678 10
0.765405 0.333003 9
0.980760 0.663714 4
0.622925 0.745313 7
0.384075 0.098467 10
0.495917 0.797681 1
0.902343 0.135065 9
0.483507 0.026681 1
0.422444 0.622232 2
0.833905 0.600487 2
0.976809 0.372725 8
0.877925 0.039480 10
0.357324 0.537519 7
0.071014 0.420094 6
0.385376 0.379365 9
0.590767 0.522369 6
0.122284 0.794496 4
0.800143 0.170320 4
0.303541 0.244697 2
0.973978 0.749615 10
0.333372 0.094875 7
0.652368 0.607307 11
0.085085 0.319523 8
0.183444 0.580957 9
0.245093 0.591359 6
0.451940 0.221747 2
0.512744 0.597550 6
0.506591 0.662213 5
0.741350 0.044879 7
0.901392 0.036255 10
0.216965 0.211712 2
0.754937 0.728247 1
0.252570 0.246131 7
0.413472 0.523738 5
0.081116 0.070269 8
0.437763 0.448904 3
0.286302 0.881312 9
0.687272 0.127560 5
0.572015 0.826828 7
0.339802 0.461437 5
0.599781 0.491095 7
0.921383 0.687762 9
0.349235 0.582110 6
0.053861 0.374213 11
0.707539 0.645440 3
0.002310 0.798993 5
0.926949 0.431029 3
0.303444 0.241970 3
0.202576 0.208711 8
0.698280 0.984573 6
0.410686 0.716218 5
0.902815 0.794767 6
0.818187 0.475031 4
0.788778 0.345854 6
0.377897 0.562020 9
0.559074 0.471999 7
0.501834 0.317051 6
0.254530 0.267837 7
0.156165 0.508480 10
0.049768 0.936544 10
0.508787 0.025092 7
0.723927 0.647005 4
0.821414 0.487505 4
0.378912 0.667681 5
0.345603 0.147996 10
0.145640 0.727930 5
0.177383 0.868642 5
0.470422 0.068876 3
0.137004 0.987477 7
0.083571 0.598747 7
0.259878 0.680234 1
0.185767 0.328536 10
0.100147 0.758049 5
0.825811 0.124294 2
0.293840 0.244815 2
0.819892 0.790405 1
0.559063 0.568242 10
0.822959 0.909240 8
0.802747 0.380572 7
0.161031 0.496480 10
0.931180 0.764615 7
0.610600 0.170350 7
0.305246 0.449932 6
0.708223 0.301440 4
0.026199 0.206447 7
0.540481 0.254114 2
0.755938 0.147423 8
0.962956 0.259528 10
0.966627 0.352163 8
0.654274 0.138464 2
0.086414 0.950018 5
0.049150 0.102445 7
0.580278 0.171296 8
0.499215 0.999622 4
0.539756 0.777241 8
0.071093 0.199634 8
0.491360 0.924819 9
0.608436 0.502159 5
0.974620 0.840395 6
0.313574 0.377036 5
0.648642 0.280263 6
0.651813 0.603895 9
0.738856 0.233450 7
0.456364 0.694691 8
0.648585 0.797100 3
0.770950 0.095141 7
0.669515 0.782750 5
0.747565 0.124974 4
0.302738 0.397198 6
0.908375 0.068420 8
0.360071 0.913233 7
0.907866 0.320665 8
0.608119 0.570490 7
0.633562 0.639552 3
0.912315 0.557922 5
0.143035 0.605023 10
0.984575 0.035503 8
