n 800
m 1
tmax 13.130311
0.094505 0.172233 1
0.945939 0.908959 1
0.972962 0.332448 3
0.947567 0.037701 3
0.282118 0.943229 1
0.478910 0.501575 3
0.669218 0.259216 2
0.656946 0.639954 6
0.870282 0.743869 6
0.816680 0.889847 6
0.594160 0.536921 3
0.051872 0.681952 3
0.946970 0.688481 2
0.894950 0.334471 1
0.144797 0.333203 3
0.973314 0.806875 1
0.391923 0.049732 3
0.123242 0.924326 1
0.018708 0.287747 1
0.289442 0.175459 1
0.330581 0.589278 8
0.598928 0.510804 2
0.831735 0.424697 2
0.420800 0.722317 6
0.516624 0.169567 1
0.293097 0.786693 2
0.446603 0.204245 6
0.764576 0.807952 6
0.386829 0.913507 2
0.480283 0.846439 1
0.571187 0.141865 2
0.143512 0.675749 2
0.839098 0.400889 3
0.173740 0.564778 2
0.134025 0.530126 1
0.913982 0.981627 1
0.562872 0.106001 3
0.835868 0.947656 2
0.037749 0.573393 1
0.744137 0.484436 2
0.971101 0.680270 1
0.779733 0.457561 3
0.783230 0.427735 3
0.206907 0.345471 1
0.867536 0.461162 3
0.558477 0.531675 3
0.298678 0.132211 2
0.723594 0.062765 3
0.447772 0.841505 6
0.887216 0.524995 1
0.765645 0.786713 6
0.281899 0.391147 3
0.271960 0.781722 1
0.118199 0.875220 2
0.887588 0.132368 2
0.638816 0.079244 1
0.706829 0.397351 3
0.196836 0.385608 3
0.169979 0.938708 1
0.580878 0.160306 3
0.015564 0.110842 1
0.207100 0.166015 2
0.683250 0.762921 8
0.679381 0.392239 1
0.454144 0.987198 3
0.470489 0.431109 3
0.091610 0.773078 3
0.013763 0.380474 1
0.627000 0.987494 2
0.358977 0.699909 6
0.980025 0.003779 1
0.226421 0.910673 3
0.597323 0.190482 3
0.034507 0.588162 1
0.816370 0.282870 1
0.214592 0.301941 2
0.061804 0.254412 1
0.972187 0.684084 1
0.973848 0.451748 1
0.146535 0.227077 2
0.907224 0.316288 2
0.147865 0.705592 2
0.417428 0.987498 2
0.789591 0.414745 1
0.370869 0.379074 6
0.614708 0.112920 1
0.776460 0.277112 2
0.675641 0.174943 2
0.111331 0.355201 1
0.404184 0.967833 2
0.003155 0.066242 2
0.424728 0.312839 8
0.136225 0.665369 3
0.891797 0.138727 1
0.735536 0.729472 7
0.355979 0.148065 3
0.285731 0.017051 3
0.178143 0.710667 1
0.900951 0.452023 1
0.080333 0.750466 1
0.707641 0.475962 2
0.220894 0.895008 2
0.779770 0.578571 1
0.425585 0.590765 6
0.773918 0.497171 1
0.331596 0.709715 6
0.476066 0.929669 2
0.990115 0.216184 2
0.265350 0.643316 1
0.142180 0.779643 2
0.841991 0.293500 2
0.568208 0.128375 1
0.577140 0.438559 2
0.369752 0.384250 7
0.783471 0.709260 8
0.786235 0.373599 1
0.391169 0.813442 8
0.398085 0.891396 3
0.439318 0.951343 3
0.418588 0.230755 6
0.794055 0.819470 7
0.061311 0.764250 2
0.080039 0.588260 1
0.497155 0.539084 1
0.923656 0.396434 3
0.139587 0.665223 1
0.687180 0.057365 3
0.655569 0.260677 1
0.894789 0.889220 1
0.932333 0.921004 2
0.042679 0.515792 3
0.229803 0.706751 1
0.726661 0.377932 1
0.404139 0.810175 6
0.116432 0.014131 2
0.153827 0.598302 2
0.558388 0.106359 3
0.888305 0.251657 1
0.834760 0.157044 3
0.180321 0.205760 2
0.989625 0.314735 3
0.467687 0.746492 8
0.548257 0.686585 6
0.814610 0.346934 2
0.868740 0.727611 6
0.212603 0.385640 2
0.624316 0.742234 6
0.406272 0.382874 8
0.840110 0.371239 1
0.856673 0.586881 1
0.700092 0.091572 2
0.564762 0.602880 1
0.872582 0.451952 3
0.276780 0.941679 1
0.642565 0.298207 1
0.714593 0.843341 6
0.588274 0.521894 2
0.031016 0.774994 3
0.249122 0.524441 2
0.224989 0.438016 2
0.885843 0.433478 1
0.707503 0.739016 7
0.703073 0.749964 6
0.320684 0.508012 1
0.198126 0.199171 3
0.778199 0.840870 8
0.129834 0.050605 2
0.344084 0.097126 1
0.970243 0.101754 3
0.977858 0.826613 2
0.876003 0.950480 2
0.085003 0.331963 1
0.824979 0.966988 1
0.128686 0.597707 3
0.696306 0.671231 8
0.298908 0.851399 3
0.263988 0.849964 3
0.384517 0.789360 7
0.078349 0.421834 2
0.014664 0.621272 2
0.188879 0.037654 3
0.750089 0.574871 3
0.495066 0.976612 2
0.669406 0.711876 8
0.957009 0.430127 2
0.077215 0.225448 2
0.291405 0.956983 3
0.529140 0.486433 3
0.305664 0.830428 2
0.407311 0.020044 2
0.290347 0.616000 2
0.373248 0.941659 3
0.502939 0.206472 7
0.783702 0.221126 2
0.402648 0.018953 1
0.177006 0.603525 2
0.139896 0.149929 2
0.763739 0.976682 1
0.331125 0.349750 7
0.086265 0.027389 3
0.685692 0.260567 2
0.074784 0.589350 3
0.244077 0.001007 2
0.385758 0.292861 8
0.965214 0.602365 2
0.240738 0.967522 3
0.224781 0.067470 3
0.814892 0.381153 1
0.318638 0.549056 2
0.351118 0.737531 8
0.637746 0.673287 8
0.450512 0.789744 7
0.474060 0.579177 7
0.171511 0.914602 2
0.019781 0.592694 2
0.577007 0.054676 3
0.648345 0.438657 2
0.941901 0.520332 2
0.558323 0.839135 1
0.136905 0.583710 1
0.011504 0.078274 3
0.088598 0.352524 2
0.854944 0.117197 3
0.427333 0.047344 2
0.988322 0.365784 2
0.813232 0.849548 7
0.174833 0.183023 2
0.589747 0.733950 7
0.044229 0.198999 1
0.435029 0.435076 7
0.875296 0.810822 8
0.890319 0.579842 2
0.759194 0.203264 2
0.898756 0.580563 1
0.549567 0.783932 3
0.278323 0.408071 1
0.577169 0.168814 1
0.176232 0.544576 3
0.133740 0.242019 3
0.290298 0.327339 7
0.927032 0.135505 1
0.719787 0.253457 1
0.211913 0.870557 1
0.222328 0.239309 3
0.045771 0.065389 2
0.344737 0.806874 6
0.998099 0.018946 2
0.504331 0.575051 6
0.527897 0.194317 6
0.530761 0.427618 1
0.082724 0.645459 2
0.461698 0.228006 6
0.099342 0.085619 3
0.869523 0.070652 1
0.949958 0.692638 1
0.917032 0.330639 3
0.370622 0.170407 7
0.961212 0.008184 2
0.330651 0.598704 8
0.575685 0.634072 1
0.918138 0.083108 1
0.941166 0.613544 2
0.263846 0.345399 3
0.180619 0.752924 3
0.393800 0.600673 8
0.517840 0.310335 7
0.611952 0.066519 1
0.238344 0.284707 2
0.119755 0.775224 2
0.826049 0.711607 6
0.902460 0.693139 8
0.810422 0.261666 3
0.883783 0.439197 3
0.122563 0.775162 2
0.747941 0.469106 2
0.663096 0.737429 6
0.164669 0.054583 1
0.897189 0.624416 2
0.058486 0.672842 1
0.473959 0.780746 6
0.843362 0.994379 2
0.706438 0.735468 8
0.994242 0.583173 3
0.986844 0.899356 1
0.978962 0.521716 1
0.318826 0.611683 8
0.204165 0.823204 3
0.610729 0.808277 8
0.253959 0.135327 3
0.424612 0.518229 1
0.200913 0.343920 3
0.452969 0.207447 6
0.815221 0.150189 2
0.216628 0.653569 2
0.183896 0.275134 3
0.095057 0.565859 1
0.436462 0.964705 2
0.769487 0.623162 8
0.270539 0.478784 1
0.942827 0.755786 6
0.561801 0.571511 2
0.147240 0.914676 3
0.734755 0.523739 2
0.006203 0.848055 2
0.481814 0.478764 3
0.458990 0.850251 2
0.209055 0.735415 1
0.054254 0.767059 3
0.645749 0.524416 3
0.825844 0.567475 1
0.973144 0.599531 1
0.197870 0.993157 1
0.217853 0.622056 1
0.467053 0.069015 1
0.172410 0.730027 2
0.017940 0.388316 2
0.244335 0.291671 1
0.884378 0.953297 3
0.669307 0.620106 8
0.965253 0.354715 3
0.559807 0.040601 2
0.633029 0.420132 2
0.386589 0.979616 2
0.522657 0.617701 6
0.236022 0.899454 2
0.693833 0.239355 2
0.902390 0.637429 6
0.328451 0.410979 3
0.199564 0.422425 2
0.123718 0.004705 3
0.495501 0.651493 6
0.927536 0.959874 1
0.189714 0.567959 1
0.104839 0.734069 1
0.673005 0.241347 1
0.441720 0.972021 3
0.503640 0.679910 6
0.613208 0.958581 2
0.227338 0.229886 3
0.753095 0.355400 1
0.404552 0.273016 7
0.502829 0.652979 6
0.738696 0.085846 2
0.786478 0.423923 2
0.774729 0.832018 6
0.587195 0.379531 2
0.573244 0.750711 7
0.420356 0.155958 6
0.294552 0.499392 3
0.442774 0.720550 6
0.748310 0.841760 7
0.356867 0.116692 3
0.886503 0.519061 3
0.226229 0.334488 1
0.643231 0.204109 3
0.441440 0.096917 1
0.720402 0.184752 1
0.795112 0.200792 1
0.644673 0.270166 3
0.211822 0.984203 3
0.619754 0.976486 2
0.436759 0.340060 7
0.321742 0.420952 1
0.210375 0.092371 1
0.196744 0.448152 3
0.518046 0.129633 3
0.854028 0.626947 7
0.781014 0.444914 3
0.455284 0.337548 6
0.042621 0.805986 2
0.148892 0.038762 2
0.145126 0.641219 3
0.956535 0.745827 7
0.229341 0.356411 1
0.850876 0.226353 3
0.591294 0.830352 6
0.031567 0.758779 3
0.226996 0.347296 3
0.689921 0.527624 2
0.787637 0.592970 3
0.868238 0.603631 3
0.426689 0.994930 1
0.593642 0.840543 3
0.964158 0.555167 2
0.901948 0.930090 2
0.124686 0.995191 2
0.703768 0.502643 2
0.849631 0.938508 3
0.615687 0.175584 3
0.612259 0.144083 1
0.699704 0.287687 1
0.790608 0.964263 1
0.164390 0.472280 2
0.898592 0.513152 2
0.108760 0.521389 1
0.635271 0.646930 8
0.529185 0.927302 1
0.690795 0.987103 3
0.379439 0.519105 1
0.291202 0.508466 2
0.528194 0.756596 6
0.040432 0.519686 2
0.647509 0.429285 1
0.261777 0.190230 3
0.462932 0.508938 3
0.349428 0.960511 2
0.534424 0.447650 1
0.991992 0.377631 1
0.463077 0.447262 3
0.975905 0.880630 2
0.770615 0.318821 1
0.208440 0.560723 1
0.081332 0.279008 1
0.876605 0.996079 3
0.614728 0.920306 2
0.331807 0.206781 7
0.971026 0.157280 2
0.961259 0.868208 2
0.985440 0.180901 3
0.882919 0.133898 1
0.363275 0.163966 6
0.308804 0.263287 8
0.307924 0.812604 3
0.359076 0.447469 3
0.170932 0.742972 3
0.868783 0.850532 8
0.965593 0.028243 1
0.852300 0.120533 1
0.371155 0.524059 3
0.478619 0.748981 6
0.808515 0.501407 2
0.099123 0.871905 3
0.376187 0.361056 8
0.449208 0.295936 7
0.179258 0.685179 1
0.337842 0.043908 2
0.959478 0.243353 2
0.938987 0.450305 3
0.444533 0.378585 8
0.673952 0.922084 1
0.797934 0.686310 7
0.356519 0.869370 1
0.502400 0.846135 2
0.760494 0.753881 6
0.779058 0.427427 1
0.018495 0.193698 1
0.558064 0.442358 1
0.579505 0.387192 3
0.073215 0.585539 1
0.124994 0.787013 1
0.360809 0.426410 8
0.738941 0.030260 3
0.300073 0.629686 7
0.811530 0.416116 2
0.929276 0.463814 1
0.393641 0.633317 7
0.042366 0.836838 2
0.907685 0.447610 3
0.003079 0.540908 1
0.719865 0.862588 6
0.414842 0.287423 6
0.779442 0.581775 3
0.547322 0.550035 3
0.341360 0.879960 1
0.269556 0.190070 3
0.724256 0.965528 3
0.633395 0.067389 1
0.388254 0.187279 7
0.493059 0.116044 3
0.800424 0.014379 3
0.507678 0.224543 6
0.210306 0.436258 3
0.864885 0.272989 2
0.452928 0.415873 7
0.942167 0.399401 1
0.608865 0.005565 3
0.049707 0.779695 1
0.090034 0.134921 1
0.301007 0.577604 3
0.722460 0.914802 3
0.806826 0.177050 2
0.603897 0.970230 3
0.767397 0.417615 1
0.635275 0.704861 7
0.484184 0.316834 8
0.742069 0.139812 3
0.120912 0.246575 3
0.562634 0.275914 6
0.466916 0.414837 8
0.290048 0.055995 1
0.197794 0.131846 1
0.035855 0.130613 3
0.436658 0.827510 8
0.448355 0.222138 7
0.917477 0.801891 8
0.381770 0.787075 7
0.101574 0.635670 2
0.308623 0.644706 6
0.642359 0.485955 1
0.126641 0.186500 1
0.171264 0.590532 2
0.001676 0.603843 1
0.357240 0.646048 8
0.722283 0.514899 1
0.769690 0.928236 2
0.883352 0.521278 3
0.843813 0.069743 1
0.480587 0.275374 7
0.898101 0.624790 3
0.728357 0.987447 3
0.778116 0.951479 2
0.323381 0.495190 1
0.290364 0.036236 1
0.418411 0.695982 7
0.639525 0.270910 1
0.645642 0.496720 3
0.762634 0.481148 2
0.449731 0.714157 7
0.020706 0.725485 3
0.645292 0.548158 1
0.532469 0.343287 8
0.742236 0.605664 7
0.691074 0.644852 6
0.338249 0.167671 6
0.219302 0.367575 2
0.537382 0.603582 1
0.787000 0.220603 2
0.882387 0.948225 3
0.162258 0.130579 3
0.459048 0.069859 1
0.991714 0.704644 3
0.112410 0.230703 2
0.649190 0.934520 3
0.100918 0.811787 1
0.199224 0.035509 3
0.243018 0.993256 2
0.601487 0.138124 2
0.630379 0.291474 3
0.088213 0.219304 3
0.060589 0.966662 1
0.940463 0.430339 3
0.198176 0.682402 1
0.293431 0.290954 8
0.498789 0.729293 7
0.904021 0.131972 1
0.522156 0.892719 2
0.625922 0.219434 3
0.070933 0.368875 1
0.853395 0.624895 6
0.243638 0.405201 2
0.312510 0.423098 2
0.918763 0.166644 1
0.991930 0.836474 2
0.845343 0.326778 1
0.493477 0.828616 3
0.158012 0.085709 3
0.358866 0.553053 2
0.084247 0.344092 3
0.480207 0.231635 7
0.424967 0.483730 1
0.467512 0.648916 6
0.824900 0.720457 8
0.002705 0.042666 3
0.319095 0.310851 7
0.284259 0.144945 3
0.145468 0.149182 3
0.891273 0.934359 2
0.016009 0.639627 2
0.274639 0.353112 3
0.819379 0.138821 2
0.556366 0.435413 2
0.024566 0.404206 3
0.346579 0.032603 1
0.012919 0.220517 2
0.679076 0.459922 3
0.557584 0.430842 3
0.559642 0.730270 6
0.846100 0.446813 3
0.555115 0.208987 3
0.863596 0.759903 7
0.235621 0.294841 1
0.566249 0.205829 1
0.101574 0.605223 3
0.865677 0.893778 7
0.554745 0.101696 2
0.699142 0.624440 7
0.417619 0.469108 1
0.113852 0.716853 2
0.881643 0.404769 2
0.003529 0.498343 2
0.700722 0.592572 8
0.806605 0.126419 3
0.054182 0.221288 2
0.712281 0.633852 7
0.416289 0.100123 1
0.060330 0.795746 1
0.690730 0.631558 7
0.979584 0.278319 2
0.498083 0.132496 1
0.970683 0.500656 3
0.946225 0.922010 3
0.903036 0.520941 2
0.693983 0.108704 2
0.635727 0.101845 1
0.742693 0.288055 1
0.046498 0.645577 1
0.946139 0.064684 2
0.774078 0.600166 2
0.690179 0.326087 2
0.603430 0.113305 1
0.863151 0.494117 1
0.796775 0.406460 2
0.468157 0.378341 7
0.302303 0.711860 8
0.624439 0.339934 1
0.394657 0.678236 6
0.604719 0.494094 3
0.245758 0.978116 3
0.686503 0.522514 2
0.779600 0.746567 7
0.421543 0.305269 7
0.792055 0.636030 8
0.105263 0.026747 3
0.247029 0.628010 1
0.413664 0.751325 8
0.155688 0.729037 2
0.159472 0.116652 2
0.933687 0.204775 2
0.878855 0.770884 8
0.054445 0.679661 2
0.964332 0.541727 2
0.330834 0.259512 8
0.448757 0.163959 8
0.590140 0.602466 3
0.664774 0.914625 3
0.852088 0.908821 3
0.106366 0.495585 1
0.092403 0.607763 3
0.235899 0.513771 1
0.743538 0.337727 3
0.217219 0.757972 2
0.218053 0.548159 3
0.237530 0.798087 3
0.893442 0.235612 2
0.116192 0.338341 2
0.625146 0.138869 3
0.458491 0.701147 8
0.222240 0.091998 1
0.989487 0.719034 1
0.253159 0.028741 1
0.556080 0.430657 1
0.474399 0.682406 7
0.259241 0.183686 3
0.305075 0.967208 2
0.322146 0.436563 1
0.782732 0.744564 6
0.702165 0.594976 8
0.566846 0.715548 7
0.821337 0.007742 2
0.238830 0.161373 3
0.306580 0.268838 6
0.376131 0.002346 3
0.312378 0.032706 2
0.077097 0.504844 1
0.709222 0.299975 1
0.677437 0.817401 6
0.672977 0.628156 7
0.110613 0.239347 2
0.284801 0.834023 1
0.331281 0.158377 2
0.744580 0.905914 2
0.916206 0.849753 6
0.410444 0.822962 8
0.818543 0.845463 6
0.573815 0.765983 8
0.014131 0.617437 1
0.133411 0.090775 2
0.546429 0.488470 3
0.415400 0.914654 1
0.386306 0.382607 8
0.312325 0.347385 7
0.810258 0.754748 7
0.900374 0.220726 2
0.441330 0.078658 1
0.185654 0.896353 2
0.768537 0.605713 7
0.813397 0.189635 2
0.866204 0.648038 7
0.153296 0.826946 1
0.053317 0.174258 2
0.702662 0.063977 2
0.870584 0.800766 6
0.019678 0.325103 1
0.698518 0.494958 1
0.391660 0.071821 2
0.999253 0.534662 2
0.422239 0.688992 7
0.115732 0.277014 3
0.486359 0.042723 1
0.542992 0.243358 6
0.495781 0.221410 6
0.875367 0.634837 6
0.045949 0.455143 2
0.177933 0.782810 1
0.530927 0.037229 2
0.365957 0.368987 6
0.223284 0.678544 3
0.876748 0.998988 3
0.716895 0.044150 1
0.855598 0.138350 3
0.320837 0.511015 3
0.852142 0.304436 1
0.757936 0.721166 6
0.748504 0.944902 1
0.673160 0.447278 1
0.863693 0.395319 2
0.566150 0.368854 3
0.903626 0.616306 1
0.764596 0.544737 3
0.015903 0.881057 2
0.051403 0.664709 3
0.980877 0.411906 3
0.648384 0.431230 1
0.013530 0.804183 1
0.607792 0.895286 2
0.377542 0.662276 6
0.896031 0.326107 1
0.921732 0.892500 2
0.046585 0.934303 2
0.167637 0.209537 1
0.224175 0.273589 2
0.053599 0.249499 2
0.332309 0.200159 8
0.878489 0.716115 7
0.909699 0.436755 3
0.909989 0.526325 1
0.734249 0.407107 3
0.053137 0.870962 2
0.902767 0.342616 1
0.952986 0.443965 1
0.655933 0.137854 2
0.333797 0.811756 6
0.676284 0.297833 1
0.187369 0.226054 1
0.792707 0.257990 2
0.715915 0.254773 3
0.843822 0.023250 1
0.046211 0.042277 2
0.485210 0.788474 7
0.321328 0.491417 2
0.156155 0.002224 3
0.052456 0.133201 2
0.845449 0.519161 1
0.554817 0.480056 1
0.567877 0.695111 8
0.047766 0.688449 2
0.042354 0.559679 2
0.669113 0.817542 6
0.028028 0.839525 1
0.698593 0.405607 1
0.196045 0.389099 3
0.944349 0.197247 2
0.766430 0.907736 3
0.654746 0.921741 2
0.541149 0.644543 7
0.108890 0.380006 2
0.896578 0.229642 3
0.260265 0.705826 1
0.946554 0.711567 7
0.191841 0.591933 3
0.337583 0.231426 6
0.547712 0.328054 8
0.243811 0.503230 3
0.502350 0.532020 1
0.635607 0.323260 2
0.019271 0.556947 1
0.379180 0.211483 7
0.501500 0.036792 1
0.347229 0.005036 1
0.939285 0.478884 2
0.743057 0.997376 3
0.217041 0.480590 2
0.518501 0.090103 3
0.381032 0.943067 2
0.337963 0.971660 2
0.192080 0.196189 2
0.741749 0.195806 3
0.668929 0.960593 3
0.971889 0.283254 2
0.380314 0.529300 3
0.679341 0.797144 6
0.601820 0.195507 2
0.651574 0.485826 3
0.621506 0.838572 6
0.417240 0.978986 1
0.654866 0.108396 3
0.512580 0.421672 2
0.525333 0.002313 3
0.615618 0.428385 2
0.526970 0.887385 3
