n 600
m 1
tmax 9.560555
0.000000 0.465937 0
0.925286 0.000000 10
0.938153 0.225033 7
0.772283 0.451352 9
0.006677 0.540925 3
0.890472 0.308337 1
0.988765 0.510703 6
0.983603 0.000000 2
0.063970 0.151553 9
0.970354 0.000000 7
0.703354 0.216521 8
0.958323 0.288179 9
0.132859 0.711966 4
0.998009 0.603083 2
1.000000 0.435267 4
0.745197 0.175036 8
0.007618 0.412817 2
1.000000 0.222129 8
1.000000 0.090185 7
0.802321 0.522766 6
0.100061 0.846310 1
0.994145 0.440742 4
0.874974 0.515239 6
0.843058 0.193134 3
0.061731 0.533083 10
0.843205 0.369296 6
0.617242 0.188568 2
0.902572 0.451335 4
0.430821 0.948755 4
1.000000 0.317952 4
0.886944 0.396914 8
0.754569 0.067624 1
0.031490 0.213227 4
0.975925 0.358068 5
0.810891 0.378048 2
0.928913 0.612289 1
0.311650 0.432998 8
0.732084 0.414384 7
0.848366 0.364633 3
0.903403 0.000000 3
0.000000 0.218567 1
0.951836 0.239943 2
0.790434 0.012002 9
1.000000 0.495282 1
0.338245 0.601360 4
1.000000 0.423351 5
0.942173 0.448217 9
0.727040 0.203356 2
0.002019 0.171633 8
1.000000 0.267464 2
0.802340 0.262401 5
0.847191 0.437448 5
0.232571 0.709481 4
0.953490 0.404982 3
1.000000 0.634317 5
0.643991 0.000000 4
0.087308 0.374553 7
0.961130 0.135142 3
0.879155 0.098517 6
0.830180 0.278625 6
0.210592 0.575258 9
1.000000 0.328397 3
1.000000 0.513385 8
0.806534 0.100534 8
0.013993 0.315455 9
0.992831 0.281609 1
0.897288 0.036113 5
0.922261 0.399994 1
0.195521 0.606976 6
0.918966 0.712097 4
0.924070 0.570520 9
0.833671 0.000000 6
0.000000 0.436245 6
0.805827 0.262085 10
1.000000 0.391982 10
0.928218 0.376374 8
0.404502 0.800578 10
0.960044 0.550786 3
0.878195 0.372236 1
0.681595 0.054207 7
0.000000 0.374093 8
1.000000 0.440912 10
0.916039 0.058374 8
0.854285 0.701299 10
0.282833 0.806459 3
1.000000 0.352373 10
0.915272 0.468979 5
0.599127 0.000000 10
0.257600 0.213037 6
1.000000 0.202950 6
0.910434 0.177141 9
0.919459 0.324500 1
0.307178 0.714384 4
1.000000 0.479001 8
1.000000 0.416020 4
0.942374 0.000000 9
0.005058 0.257814 9
1.000000 0.276973 9
0.984030 0.074278 3
0.771415 0.450872 10
0.144074 0.671601 7
1.000000 0.414379 5
0.924449 0.544107 10
0.846925 0.127734 7
0.116674 0.505743 9
1.000000 0.102855 4
0.745095 0.000000 2
1.000000 0.229895 2
0.261129 0.470890 1
0.924147 0.468832 1
0.969778 0.659940 10
0.825988 0.000000 10
0.000000 0.391246 4
0.989287 0.291660 5
1.000000 0.349465 4
0.691933 0.558942 6
0.161413 0.446925 10
1.000000 0.536218 9
0.863184 0.434016 4
0.881731 0.145729 7
0.180783 0.309610 1
1.000000 0.360904 5
1.000000 0.230279 9
0.733074 0.434914 9
0.024883 0.791650 10
1.000000 0.585467 6
1.000000 0.748281 7
0.794175 0.014057 4
0.000000 0.035877 1
0.760473 0.291492 7
0.811529 0.083973 9
0.808625 0.486295 9
0.237651 0.872415 3
1.000000 0.532369 8
0.877846 0.540941 3
0.953277 0.000000 6
0.068154 0.293130 4
1.000000 0.155072 7
1.000000 0.228730 1
0.814148 0.385297 4
0.198013 0.740047 5
1.000000 0.552552 3
1.000000 0.643392 9
0.704129 0.015067 4
0.000000 0.249450 6
0.959514 0.155602 3
0.848971 0.160226 10
1.000000 0.309114 1
0.165165 0.729727 1
1.000000 0.331618 3
1.000000 0.727121 8
0.802108 0.448399 5
0.078948 0.470559 2
0.784443 0.340003 1
0.824511 0.230985 5
0.872575 0.481524 8
0.254077 0.771251 10
0.886427 0.187427 4
0.853851 0.686171 7
0.788471 0.151633 1
0.000000 0.231003 4
1.000000 0.389154 10
0.944227 0.144214 1
0.734439 0.429418 6
0.007639 0.549761 5
0.934460 0.342511 6
0.838103 0.554719 10
0.801975 0.276932 8
0.000000 0.513548 2
1.000000 0.096338 7
0.627359 0.256073 4
0.607166 0.537657 3
0.238342 0.728619 9
1.000000 0.507908 5
1.000000 0.662276 1
0.925473 0.061491 9
0.000000 0.229071 5
1.000000 0.224087 8
0.849085 0.329069 8
0.879461 0.480017 10
0.009528 0.713444 1
1.000000 0.571725 2
1.000000 0.715178 1
0.879546 0.034323 5
0.000000 0.402388 2
1.000000 0.148424 4
0.849238 0.242943 7
0.688893 0.501538 10
0.216938 0.817252 6
1.000000 0.523408 10
1.000000 0.624920 3
0.816174 0.027188 8
0.000000 0.050511 10
0.959485 0.431350 2
0.886708 0.299783 8
0.771278 0.374380 2
0.325627 0.964099 10
1.000000 0.300126 9
1.000000 0.481613 2
0.911886 0.058664 4
0.000000 0.390378 8
0.841662 0.077797 1
0.982223 0.325122 9
0.700549 0.455820 5
0.065695 0.786135 1
0.821870 0.551017 4
1.000000 0.473212 4
1.000000 0.075858 7
0.000000 0.346676 5
1.000000 0.488433 2
0.903138 0.310423 1
0.904950 0.429913 9
0.278283 0.912627 6
1.000000 0.425234 3
0.970601 0.528510 3
0.722898 0.321734 10
0.248671 0.243881 2
1.000000 0.276784 3
0.909440 0.296806 1
0.836213 0.607112 10
0.389306 0.956820 6
0.921401 0.461447 1
0.967655 0.722375 2
0.809264 0.001303 10
0.184697 0.399021 9
1.000000 0.196631 5
0.949636 0.129319 9
0.874821 0.519434 10
0.223758 0.608613 3
1.000000 0.402893 4
1.000000 0.648707 2
0.655043 0.021763 4
0.089324 0.145419 7
1.000000 0.360451 3
0.864338 0.226479 4
0.892950 0.202305 6
0.286263 0.560683 6
0.895823 0.638563 2
0.896004 0.518724 8
0.816159 0.310757 9
0.000000 0.186917 1
1.000000 0.161582 6
0.932019 0.248405 2
0.966953 0.439178 9
0.232486 0.690716 5
1.000000 0.646188 2
0.964515 0.809786 10
0.893170 0.111576 8
0.000000 0.249611 6
0.922032 0.221616 1
0.739787 0.365426 7
0.892995 0.619512 10
0.266814 0.589533 5
1.000000 0.298841 3
1.000000 0.509829 3
0.789843 0.008246 5
0.000000 0.201456 3
0.999421 0.304876 1
0.713800 0.138615 10
0.755959 0.545500 3
0.080635 0.613033 9
0.870834 0.531537 6
0.909257 0.588422 9
0.686529 0.091342 8
0.000000 0.433783 7
0.987104 0.287083 9
0.759100 0.062857 6
1.000000 0.602763 6
0.086186 0.720569 1
1.000000 0.537650 8
1.000000 0.388304 7
0.990387 0.000000 4
0.000000 0.200546 8
0.946684 0.287924 2
0.903493 0.402672 2
0.946639 0.669295 9
0.229282 0.544710 8
1.000000 0.261480 2
0.907911 0.528699 7
0.856514 0.000000 6
0.000000 0.324441 5
0.926243 0.116011 1
0.792701 0.172964 4
0.740980 0.320940 5
0.306973 0.783491 4
0.955861 0.498659 7
0.878741 0.513297 4
0.863697 0.000000 6
0.000000 0.220048 2
0.893433 0.161407 9
1.000000 0.052437 6
0.917957 0.483503 6
0.049178 0.863534 4
1.000000 0.266672 7
0.950731 0.683840 4
1.000000 0.027261 4
0.014452 0.409403 10
0.807349 0.338405 4
0.864217 0.000000 5
0.857238 0.391679 9
0.137799 0.709062 2
1.000000 0.252898 5
0.994250 0.289950 8
0.934877 0.041185 5
0.000000 0.470872 4
1.000000 0.017187 2
0.894025 0.350700 6
1.000000 0.405719 4
0.203374 0.846141 3
0.957885 0.466013 7
0.888709 0.537178 10
0.796886 0.267105 1
0.000000 0.415173 8
0.908651 0.285725 8
0.776107 0.207863 8
0.578728 0.211850 9
0.239325 0.700870 3
1.000000 0.290027 9
0.860782 0.563858 4
0.628372 0.000000 8
0.000000 0.203426 7
0.995986 0.301573 1
0.623962 0.293491 7
0.667339 0.318891 4
0.350919 0.663947 2
0.980964 0.718004 7
1.000000 0.559123 9
0.678832 0.168471 5
0.023445 0.357984 7
0.915268 0.343502 2
0.861800 0.000000 3
0.960723 0.275993 4
0.045447 0.750070 1
0.903849 0.160428 3
1.000000 0.417050 10
0.867567 0.218301 1
0.110843 0.299928 4
1.000000 0.140378 2
0.900484 0.302207 10
0.879371 0.411105 3
0.120933 0.563484 7
1.000000 0.305416 6
1.000000 0.493473 3
0.668132 0.096880 7
0.036131 0.507198 7
0.652965 0.262479 7
1.000000 0.247368 9
1.000000 0.589681 2
0.311833 0.594075 10
0.751997 0.507517 1
0.830884 0.782224 8
0.943813 0.143233 2
0.000000 0.116407 7
1.000000 0.227572 4
0.833503 0.224795 7
0.853555 0.631295 3
0.409783 0.681346 2
1.000000 0.314613 2
0.883489 0.279442 10
0.374924 0.116998 10
0.051644 0.614594 6
1.000000 0.278101 3
1.000000 0.002431 7
0.982757 0.502043 2
0.173200 0.683747 3
0.885724 0.579361 1
0.835660 0.676546 3
0.866473 0.000000 1
0.142293 0.184403 10
0.933102 0.170722 10
0.655483 0.009688 9
0.860298 0.572003 8
0.360808 0.688338 3
1.000000 0.606830 3
1.000000 0.634974 2
0.717322 0.082592 6
0.000000 0.168801 5
0.991925 0.264037 3
0.805295 0.132752 1
0.937288 0.581821 4
0.210469 0.678647 8
1.000000 0.300553 8
1.000000 0.522001 3
0.990507 0.147462 8
0.000000 0.209797 7
0.701718 0.159997 3
0.914844 0.048850 1
0.969488 0.429926 3
0.220851 0.865118 2
0.952412 0.570678 5
0.850956 0.469076 3
0.833389 0.141206 2
0.043011 0.137975 4
0.852223 0.258676 9
1.000000 0.179087 5
0.891859 0.377843 7
0.174244 0.542952 1
1.000000 0.375620 4
0.931177 0.530759 9
0.942103 0.195661 7
0.112805 0.363528 6
0.905683 0.435350 1
0.904809 0.223896 9
0.780010 0.408898 10
0.192720 1.000000 3
1.000000 0.625380 10
0.771858 0.533281 8
0.896840 0.139436 2
0.091410 0.331332 4
0.820813 0.381432 4
0.638378 0.125363 8
0.930604 0.393305 7
0.148301 0.840873 6
1.000000 0.431817 7
0.838077 0.582876 7
0.962415 0.013126 10
0.113968 0.376274 7
0.961244 0.381774 8
0.918668 0.250169 9
0.960585 0.599797 5
0.005057 0.708349 6
0.941676 0.413768 3
0.671881 0.581112 1
0.774280 0.010960 4
0.127288 0.378616 6
0.955259 0.338269 5
0.709960 0.066086 7
0.941123 0.394833 2
0.179255 0.747225 2
0.965442 0.525159 10
0.849102 0.421327 3
0.801321 0.000000 5
0.000000 0.328460 8
0.778111 0.509188 4
0.920028 0.452293 2
1.000000 0.515901 10
0.159092 0.799146 6
1.000000 0.465815 9
0.796459 0.678063 8
0.739201 0.134039 10
0.000000 0.346902 1
0.743998 0.324367 8
0.962534 0.150348 7
0.989176 0.504654 6
0.094506 0.806916 7
0.713255 0.329769 4
0.993599 0.701141 10
0.937759 0.113305 4
0.036178 0.248709 9
0.893084 0.167756 6
0.844274 0.249340 1
1.000000 0.364801 3
0.268824 0.705688 9
1.000000 0.602065 6
1.000000 0.648604 9
0.912620 0.208378 3
0.000000 0.113955 3
0.938471 0.257031 6
0.788754 0.308164 6
0.774502 0.366321 3
0.245923 0.709832 1
1.000000 0.477145 4
0.883390 0.571013 6
0.588216 0.000000 9
0.170211 0.461085 1
0.958005 0.025027 10
0.832083 0.333664 2
1.000000 0.709762 5
0.060756 0.834597 3
0.900806 0.410801 8
0.917828 0.402880 9
0.697286 0.003873 7
0.141550 0.281599 3
1.000000 0.525916 5
0.845181 0.207939 2
0.931108 0.352054 8
0.133308 0.897635 7
1.000000 0.505454 5
1.000000 0.374953 1
0.682822 0.108293 10
0.100003 0.436395 2
1.000000 0.514186 8
0.766329 0.322426 10
1.000000 0.524896 3
0.442888 0.921955 1
0.800476 0.298486 2
0.719235 0.594307 1
0.854242 0.030395 3
0.000000 0.331305 9
0.957710 0.008875 7
0.701141 0.250838 4
1.000000 0.351364 5
0.093760 0.662676 3
0.783695 0.382394 6
1.000000 0.528987 9
1.000000 0.020730 9
0.000000 0.339340 4
1.000000 0.335093 9
0.599814 0.200002 3
0.978343 0.405062 9
0.180174 0.476988 8
1.000000 0.533028 6
0.655646 0.261595 4
0.799587 0.145967 2
0.000000 0.338588 5
1.000000 0.187735 10
0.865947 0.104639 4
1.000000 0.300982 7
0.295812 0.761947 7
1.000000 0.307142 3
0.879581 0.597458 9
0.682101 0.096981 5
0.000000 0.339335 1
1.000000 0.313265 5
1.000000 0.280582 10
0.900741 0.317683 10
0.048627 0.839595 8
0.957161 0.389712 8
0.869553 0.650863 9
0.812024 0.041656 2
0.000000 0.382203 2
0.884407 0.330627 8
0.977258 0.306958 6
0.895550 0.470790 10
0.249272 0.648072 7
0.953451 0.400764 8
1.000000 0.356477 9
0.901575 0.169776 2
0.059269 0.068017 3
1.000000 0.208601 2
0.697033 0.154430 4
1.000000 0.459757 2
0.313099 0.663251 4
1.000000 0.489387 7
0.944762 0.638027 9
0.929848 0.123803 7
0.224444 0.333810 4
1.000000 0.333304 6
0.918840 0.000000 4
0.839978 0.469299 7
0.253666 0.790404 4
1.000000 0.618248 3
0.690303 0.570610 2
0.773614 0.288023 2
0.141684 0.279356 6
0.909006 0.323809 2
0.754816 0.075323 8
1.000000 0.473930 2
0.280308 0.854385 9
1.000000 0.615811 1
0.865189 0.435482 1
0.684985 0.022722 1
0.000000 0.422542 1
1.000000 0.202442 6
1.000000 0.000000 4
0.859945 0.566558 5
0.351267 0.899162 1
1.000000 0.456038 6
0.894530 0.731204 3
0.752067 0.005642 1
0.018648 0.425194 6
0.985400 0.327944 7
0.860164 0.205332 1
0.947660 0.478115 2
0.342417 0.892160 6
0.884658 0.514777 6
0.989290 0.432631 1
0.866896 0.176914 1
0.000000 0.323579 2
0.938733 0.354385 6
0.883056 0.015741 2
0.800751 0.273609 6
0.093529 0.751874 6
0.876750 0.487053 10
0.813154 0.571342 7
0.784304 0.160222 7
0.000000 0.260445 9
0.952388 0.278643 3
0.802010 0.215651 4
1.000000 0.363934 4
0.252487 0.738047 2
1.000000 0.398868 2
1.000000 0.219288 3
0.735750 0.261096 7
0.000000 0.399411 4
0.944165 0.249014 2
0.696982 0.191875 5
0.752790 0.411414 9
0.225845 1.000000 6
0.689732 0.411644 1
1.000000 0.532671 4
0.714889 0.298550 3
0.000000 0.304406 2
1.000000 0.275327 2
1.000000 0.249590 3
0.975090 0.682764 2
0.088633 0.776617 7
0.923228 0.427114 3
0.924948 0.516783 9
0.740767 0.000000 4
