n 300
m 1
tmax 3.760153
0.886407 0.811895 0
0.821875 0.323429 10
0.640447 0.725563 7
0.823655 0.843551 3
0.945104 0.463736 9
0.709800 0.805035 3
0.854472 0.830328 5
0.923745 0.423094 6
0.723548 0.744501 7
0.840882 0.949939 6
0.895764 0.396456 5
0.683019 0.868669 8
0.795291 0.878033 6
0.872548 0.346357 7
0.718247 0.880402 8
0.839432 0.809436 9
0.903975 0.404970 6
0.715532 0.897000 1
0.832921 0.971457 8
0.979845 0.316302 6
0.565129 0.722828 6
0.906741 1.000000 9
0.969620 0.445854 4
0.687266 0.862071 7
0.841238 0.835822 8
0.891527 0.437546 7
0.636379 0.712031 6
0.818248 0.862989 4
0.955984 0.386610 6
0.775087 0.902232 10
0.800282 0.886093 2
0.895088 0.441106 10
0.769113 0.816478 5
0.839443 0.794675 9
0.890450 0.304644 4
0.750533 0.818943 10
0.893697 0.870065 10
0.956236 0.467297 8
0.701934 0.812107 7
0.834046 0.808209 10
0.905917 0.387823 5
0.704564 0.776809 6
0.710102 0.871646 4
0.780338 0.389708 8
0.674582 0.774963 8
0.797921 0.806938 2
0.851909 0.484627 7
0.668990 0.769079 3
0.855832 0.857659 2
0.998510 0.404602 3
0.747823 0.808976 8
0.895935 0.869144 7
0.892221 0.381991 1
0.818829 0.830030 7
0.949698 0.801889 8
0.940271 0.431170 4
0.736185 0.781822 4
0.852932 0.896954 8
0.961529 0.342797 5
0.738648 0.678316 7
0.939931 0.917098 1
1.000000 0.429435 9
0.700600 0.686713 6
0.934686 0.840711 10
0.954124 0.452333 1
0.699936 0.783510 4
0.901684 0.762039 7
0.922375 0.456098 10
0.694277 0.697839 4
0.903618 0.920400 6
0.961572 0.462783 2
0.746781 0.762716 3
0.935322 0.886077 3
0.868829 0.552544 3
0.670022 0.777485 4
0.835384 0.811194 4
0.936731 0.385737 10
0.764454 0.849161 1
0.882323 0.848397 1
1.000000 0.436756 3
0.629947 0.798540 6
0.849612 0.973476 8
0.895397 0.359000 3
0.822113 0.759412 5
0.810679 0.868169 8
0.919980 0.340034 9
0.766721 0.739173 4
0.816227 0.911478 3
0.946320 0.424852 6
0.683719 0.822075 10
0.863112 0.873087 3
0.883710 0.387991 10
0.623924 0.801870 7
0.875496 0.803141 10
0.962940 0.399154 8
0.691040 0.766593 2
0.737740 0.874431 6
0.966280 0.382554 6
0.748682 0.907879 5
0.874517 0.875030 8
0.964956 0.475957 3
0.658703 0.747714 3
0.925093 0.889780 3
0.971004 0.475641 9
0.682582 0.818535 3
0.974472 0.867173 2
0.964503 0.311765 6
0.754018 0.892466 5
0.802971 1.000000 4
0.944747 0.425946 9
0.630508 0.685036 2
0.854001 0.849810 2
0.856276 0.289353 9
0.627884 0.687927 4
0.893045 0.953372 7
0.899404 0.465356 7
0.716174 0.783509 2
0.843017 0.896945 3
0.882142 0.374796 7
0.670404 0.855617 7
0.947585 0.829642 9
0.942362 0.356708 7
0.675822 0.863821 9
0.948755 0.948576 2
0.911274 0.410192 1
0.756416 0.814340 6
0.837154 0.830173 1
0.969695 0.513380 10
0.618002 0.899516 1
0.887769 0.917876 5
0.974065 0.355371 7
0.696624 0.782906 4
0.877413 0.910953 5
0.798167 0.322251 10
0.694724 0.743539 8
0.816432 0.783493 8
0.990847 0.382254 5
0.649770 0.838827 5
0.956490 0.833250 7
0.964495 0.430644 4
0.792657 0.867124 3
0.945836 0.953746 1
0.884029 0.404544 1
0.636112 0.761180 5
0.718901 0.827767 8
0.952696 0.494770 6
0.745133 0.752933 10
0.846200 0.929441 10
0.895971 0.410902 5
0.651883 0.728425 8
0.961383 0.842269 4
0.907017 0.443833 6
0.803770 0.784644 6
0.947939 0.749341 8
0.977338 0.383315 2
0.622257 0.779352 1
0.813765 0.944806 2
0.920807 0.422582 8
0.635947 0.772360 7
0.919856 0.784115 10
0.832964 0.370498 4
0.709295 0.893330 2
0.721327 0.767952 9
0.967855 0.444861 7
0.618469 0.775069 7
0.885937 0.925146 6
0.911995 0.437872 8
0.645169 0.785337 3
0.900066 0.902200 2
1.000000 0.457301 10
0.712822 0.797495 9
0.940926 0.843994 2
0.954244 0.433339 5
0.663718 0.855024 10
0.798092 0.795744 8
0.861356 0.431462 2
0.692783 0.780419 7
0.921231 0.902823 7
0.997650 0.330461 6
0.653671 0.874996 7
0.996088 0.913613 9
0.917265 0.382793 7
0.829053 0.928953 8
0.895264 0.778363 7
0.991695 0.392732 7
0.709613 0.737645 10
0.831019 0.852946 7
0.928545 0.342218 9
0.651475 0.856341 10
0.784219 0.783738 9
0.922112 0.420159 2
0.636053 0.645843 2
0.774726 0.873889 1
1.000000 0.331479 7
0.611901 0.649743 5
0.763978 0.906327 7
1.000000 0.489428 8
0.675353 0.869502 2
0.862444 0.792563 6
0.869262 0.451140 1
0.711534 0.746037 3
0.847795 0.907879 2
1.000000 0.341971 1
0.702720 0.876076 3
0.872592 0.883967 4
0.930637 0.506548 6
0.609214 0.871854 6
0.812676 0.913181 2
1.000000 0.369942 8
0.682720 0.929929 7
0.928768 0.889645 4
0.918708 0.234034 3
0.668071 0.839846 3
0.994638 0.918076 9
0.973531 0.332898 1
0.704634 0.783468 3
0.954643 0.922093 2
0.996508 0.348915 5
0.531070 0.853101 9
0.806364 0.952138 6
0.930444 0.378112 7
0.534518 0.908276 10
0.797243 0.955795 7
0.963270 0.276814 2
0.682988 0.899293 10
0.945904 0.887435 10
1.000000 0.469939 4
0.688704 0.819880 2
0.861128 0.855197 6
0.989324 0.466062 8
0.714776 0.940984 1
0.832889 0.873977 1
0.934012 0.523635 5
0.603492 0.877077 2
0.807506 0.844833 4
0.896729 0.461270 6
0.680488 0.825202 2
0.881812 0.923876 5
1.000000 0.508952 2
0.629174 0.796154 10
0.825224 0.907054 4
0.953450 0.392252 2
0.664362 0.735456 8
0.908057 0.839311 8
0.979538 0.499876 4
0.640110 0.794596 8
0.803323 0.894361 1
0.944068 0.342908 5
0.597818 0.820852 2
0.833313 0.858944 5
0.934502 0.368869 8
0.706051 0.731396 3
0.847774 0.872608 7
0.906477 0.478527 1
0.651524 0.869651 7
0.819896 0.935773 10
0.869095 0.441053 10
0.616215 0.722486 2
0.741529 0.831338 5
0.985194 0.350722 6
0.634382 0.841256 8
0.737771 0.810226 8
0.979633 0.470194 6
0.734859 0.830169 7
0.835777 0.951834 2
0.960833 0.487355 5
0.656273 0.821343 5
0.889472 0.863010 4
0.873551 0.470921 3
0.619119 0.782429 1
0.880804 0.861646 7
0.954875 0.428922 2
0.707228 0.832181 3
0.886052 0.786816 9
0.959323 0.351606 7
0.778931 0.767344 3
0.984404 0.876682 5
0.893234 0.420502 10
0.572457 0.770489 2
0.870116 0.874681 6
0.870980 0.304862 5
0.716470 0.752336 7
0.853894 0.898960 9
0.993666 0.393309 8
0.690377 0.796074 9
0.941919 0.862520 1
0.891556 0.431327 9
0.780216 0.809895 8
0.885744 0.830516 7
0.912867 0.272044 2
0.621449 0.864317 1
0.787262 0.843569 3
0.875876 0.369088 8
0.690536 0.834433 5
0.845880 0.853082 6
0.866048 0.362649 3
0.615809 0.803753 9
0.852594 0.870073 10
0.923361 0.449017 5
0.662358 0.785505 7
