n 250
m 1
tmax 6.403076
0.762741 0.512843 0
0.675190 0.780167 4
0.303167 0.904072 1
0.872544 0.356621 6
0.671961 0.512429 10
0.756629 0.643084 3
0.299243 0.738976 2
0.937536 0.243491 8
0.616892 0.613172 5
0.642404 0.575974 4
0.176168 0.719800 6
0.922710 0.329662 8
0.469358 0.564274 5
0.721219 0.626524 6
0.151367 0.787023 8
0.910882 0.213523 7
0.656328 0.500696 9
0.573270 0.534891 10
0.262560 0.730736 6
0.864547 0.249383 5
0.664984 0.470313 2
0.697497 0.617961 10
0.226243 0.804358 2
0.951040 0.247848 1
0.694215 0.425659 5
0.766425 0.657700 5
0.181455 0.644874 6
0.859340 0.357339 5
0.636691 0.431959 2
0.814481 0.738271 8
0.378769 0.693786 1
0.892547 0.250550 5
0.650527 0.546909 2
0.618652 0.684905 10
0.277887 0.652980 5
0.852426 0.113469 5
0.744627 0.481358 2
0.739750 0.691850 8
0.138792 0.836903 9
0.842908 0.258550 6
0.574382 0.458926 7
0.684940 0.689463 4
0.192262 0.555960 6
0.681821 0.253119 9
0.481519 0.399285 1
0.655091 0.730770 5
0.213978 0.747735 6
0.883491 0.328958 8
0.714565 0.426545 10
0.701020 0.715360 8
0.330353 0.789467 3
0.956972 0.301493 4
0.748795 0.713974 3
0.761047 0.803683 6
0.216581 0.721763 6
0.727768 0.310582 8
0.628419 0.607838 10
0.735687 0.561325 3
0.190309 0.775454 7
1.000000 0.227158 2
0.734538 0.518103 6
0.675013 0.853174 1
0.115479 0.756608 3
0.927013 0.212243 5
0.603113 0.535472 7
0.614948 0.600837 10
0.244883 0.716792 5
0.889149 0.322561 4
0.594253 0.606174 6
0.731551 0.633100 9
0.062216 0.681735 4
1.000000 0.268287 5
0.600637 0.529199 8
0.650268 0.713253 3
0.000000 0.644098 1
0.972057 0.197760 3
0.495020 0.522322 7
0.787946 0.650655 3
0.212268 0.810287 2
0.928263 0.273231 4
0.599067 0.503636 10
0.618742 0.528133 2
0.227209 0.897773 3
0.871070 0.285357 8
0.559017 0.456722 10
0.600923 0.684938 7
0.296644 0.688702 2
0.836554 0.253757 1
0.563428 0.474436 9
0.589808 0.640815 3
0.147775 0.665721 9
0.850750 0.221034 6
0.629194 0.597784 8
0.624814 0.571840 10
0.181344 0.832250 2
0.867037 0.294496 6
0.619633 0.548804 5
0.746401 0.675002 6
0.253632 0.845203 10
0.939726 0.168139 4
0.568256 0.504020 5
0.660377 0.729220 5
0.050699 0.687557 7
1.000000 0.367667 4
0.593608 0.523096 8
0.631344 0.548914 9
0.239279 0.756132 6
1.000000 0.135698 9
0.713256 0.388193 6
0.887100 0.779001 4
0.162128 0.770407 8
0.875509 0.236288 6
0.585352 0.375876 1
0.910531 0.797631 2
0.250929 0.713669 4
0.970397 0.183128 7
0.607400 0.710998 4
0.663263 0.740963 2
0.179194 0.795418 8
0.944678 0.304678 10
0.701819 0.483837 1
0.631201 0.600869 3
0.263825 0.829457 10
0.859097 0.307861 1
0.734848 0.437237 8
0.675704 0.547610 2
0.183683 0.880270 1
0.911222 0.300213 6
0.725360 0.540843 7
0.706392 0.626299 10
0.197855 0.817168 4
0.885999 0.434309 3
0.638281 0.659683 1
0.865584 0.680919 9
0.316545 0.673112 5
0.887093 0.266479 3
0.536007 0.481473 7
0.624384 0.599539 5
0.181269 0.728156 7
0.909937 0.253841 5
0.584166 0.557439 9
0.504895 0.631696 1
0.264953 0.758411 5
0.770245 0.305234 5
0.671971 0.429318 2
0.802602 0.750929 6
0.076394 0.670069 2
0.863846 0.290590 2
0.605794 0.466057 6
0.607270 0.671434 8
0.337008 0.538634 8
0.938935 0.274598 1
0.741259 0.458796 4
0.695090 0.596370 9
0.290026 0.774347 10
0.848724 0.301622 2
0.565897 0.545835 1
0.604945 0.598637 2
0.252450 0.676002 2
0.997779 0.156423 6
0.626883 0.465050 8
0.719728 0.770975 3
0.192954 0.718762 1
0.948269 0.262307 3
0.609267 0.503424 1
0.786437 0.649639 3
0.263541 0.747961 10
0.816227 0.242605 10
0.609350 0.535852 10
0.734089 0.647186 4
0.189979 0.846678 3
0.799416 0.280316 2
0.574906 0.302663 6
0.604728 0.581888 2
0.196018 0.889430 5
0.853125 0.185764 2
0.622413 0.435614 2
0.723647 0.468973 1
0.297625 0.856063 2
0.966850 0.329875 9
0.544710 0.494602 8
0.843634 0.687494 4
0.207891 0.470678 2
1.000000 0.234713 10
0.686808 0.436830 9
0.741594 0.668480 2
0.238938 0.895908 4
0.748185 0.192308 8
0.511633 0.562674 8
0.709914 0.617656 1
0.185078 0.740289 8
0.797083 0.210097 6
0.648113 0.530905 2
0.640508 0.563024 3
0.151899 0.753408 7
0.944375 0.089416 2
0.555412 0.425857 6
0.655308 0.780022 1
0.312367 0.788622 7
0.862302 0.316063 5
0.511821 0.561869 4
0.851110 0.654569 5
0.210431 0.675379 5
0.872218 0.416851 10
0.643510 0.575474 4
0.704936 0.659097 5
0.079965 0.678820 6
0.891144 0.195888 8
0.578944 0.643797 9
0.655575 0.646659 6
0.260288 0.763291 3
0.992105 0.296304 1
0.605934 0.449759 9
0.593709 0.714477 1
0.158090 0.597554 4
0.909395 0.228826 4
0.757816 0.470189 7
0.834513 0.661968 2
0.224895 0.773671 5
0.779059 0.204088 1
0.687232 0.562974 4
0.638986 0.523917 4
0.266674 0.720534 5
0.886792 0.204912 3
0.550612 0.463771 7
0.621755 0.572235 3
0.395043 0.688186 7
0.886607 0.106151 3
0.581611 0.690119 1
0.755778 0.559791 9
0.338143 0.656573 6
0.945019 0.265595 4
0.598927 0.594801 7
0.765208 0.676461 9
0.101612 0.754615 9
0.882903 0.136758 7
0.653865 0.499689 7
0.676253 0.610563 7
0.283257 0.744174 4
0.689406 0.244934 1
0.753116 0.498048 10
0.700148 0.506105 4
0.169934 0.804689 10
0.916963 0.207011 10
0.664545 0.641948 9
0.867081 0.752265 2
0.254389 0.743152 7
0.928562 0.278969 2
0.667988 0.522673 3
0.718034 0.702965 7
