n 250
m 1
tmax 11.087231
0.091234 0.448315 10
0.704436 0.447930 0
0.665323 0.242155 10
0.709732 0.444519 0
0.712179 0.617226 4
0.144805 0.264762 5
0.045872 0.317692 9
0.558635 0.765296 2
0.023459 0.920886 7
0.989284 0.878472 10
0.622728 0.601477 5
0.909975 0.223454 8
0.745412 0.554172 2
0.561151 0.176301 8
0.950395 0.313723 7
0.449699 0.406474 6
0.415561 0.431678 6
0.045247 0.536860 5
0.441630 0.866904 2
0.314873 0.321052 1
0.392890 0.410132 2
0.032786 0.428687 9
0.560947 0.124908 4
0.226785 0.110519 7
0.814166 0.711278 2
0.347146 0.046615 3
0.608140 0.780813 2
0.412912 0.820948 2
0.446284 0.742729 3
0.638400 0.079261 8
0.390505 0.619244 7
0.856237 0.360333 10
0.784870 0.972837 1
0.498898 0.539337 2
0.287612 0.637940 12
0.912762 0.340254 9
0.065482 0.754252 0
0.278211 0.240471 5
0.514844 0.990384 10
0.667248 0.465053 9
0.422849 0.143297 2
0.985365 0.479574 2
0.334074 0.597888 7
0.414288 0.407554 10
0.272079 0.904324 0
0.722648 0.946196 10
0.566934 0.308675 9
0.451855 0.874722 6
0.954633 0.923149 10
0.278502 0.101220 10
0.367115 0.691748 2
0.601073 0.186391 1
0.716738 0.922634 1
0.912048 0.004132 2
0.660120 0.284213 1
0.358087 0.386357 8
0.313998 0.560489 3
0.498607 0.215388 0
0.545606 0.523645 10
0.185723 0.910651 10
0.771587 0.955878 4
0.360931 0.623513 4
0.629765 0.579128 8
0.509892 0.741817 10
0.468339 0.215490 0
0.803346 0.816848 9
0.095627 0.087207 4
0.035712 0.840716 8
0.338586 0.165652 9
0.474333 0.935053 6
0.045994 0.602602 6
0.562525 0.210019 8
0.430840 0.863351 5
0.256119 0.056255 0
0.370948 0.845206 5
0.402275 0.110884 0
0.020623 0.205309 0
0.374333 0.144155 3
0.484810 0.272059 4
0.745140 0.370636 10
0.497111 0.179698 5
0.364834 0.849585 6
0.011962 0.528673 6
0.507704 0.543787 6
0.709345 0.117098 6
0.380052 0.656144 9
0.254469 0.202116 3
0.723763 0.850596 3
0.150637 0.397966 3
0.336440 0.413010 1
0.358103 0.943088 5
0.801896 0.904979 2
0.155538 0.608314 1
0.695428 0.225173 2
0.464918 0.798327 12
0.727617 0.391002 8
0.981395 0.183375 9
0.137060 0.248029 9
0.765246 0.162616 1
0.776972 0.765563 7
0.410577 0.356317 7
0.226696 0.949627 10
0.274055 0.508272 2
0.759226 0.203542 2
0.210916 0.143702 4
0.955340 0.632873 0
0.167949 0.613953 7
0.934792 0.629217 1
0.956460 0.842653 2
0.138950 0.478176 6
0.300369 0.806863 11
0.059656 0.580359 6
0.883753 0.705089 9
0.608534 0.607153 10
0.181531 0.606260 3
0.934968 0.634958 2
0.909034 0.420286 4
0.025602 0.713604 9
0.299338 0.093832 7
0.379419 0.479595 2
0.497750 0.401464 4
0.361655 0.288175 2
0.814515 0.633505 8
0.934446 0.903386 7
0.742200 0.123898 6
0.275726 0.718486 9
0.227397 0.349799 5
0.530090 0.910263 1
0.763747 0.200627 1
0.294459 0.137535 9
0.069671 0.618418 8
0.999174 0.775287 2
0.997752 0.467972 7
0.610424 0.224322 6
0.862085 0.092268 0
0.840635 0.293209 9
0.513009 0.773780 2
0.790320 0.722601 8
0.942157 0.816456 5
0.990459 0.303832 2
0.207341 0.033763 7
0.170677 0.077299 4
0.487583 0.576372 0
0.236686 0.970678 5
0.374736 0.580609 8
0.308379 0.858879 5
0.845728 0.190241 6
0.948561 0.996619 10
0.892470 0.663068 4
0.263205 0.460668 4
0.825950 0.565914 7
0.685139 0.410871 7
0.979394 0.444233 2
0.386374 0.381118 4
0.465753 0.834901 4
0.089760 0.201769 3
0.778705 0.539332 5
0.488828 0.831641 9
0.185325 0.840207 6
0.329915 0.735511 11
0.707802 0.639034 6
0.095056 0.112995 0
0.699525 0.073155 4
0.536284 0.176891 9
0.463589 0.452923 7
0.892854 0.374892 5
0.894949 0.874004 3
0.677279 0.528672 10
0.499674 0.239398 3
0.390137 0.910931 5
0.571362 0.415298 2
0.562091 0.030558 7
0.245177 0.397724 7
0.813427 0.640793 0
0.798321 0.275420 7
0.008902 0.030652 6
0.248677 0.527576 6
0.246916 0.680848 6
0.485859 0.247320 5
0.763804 0.084944 1
0.186185 0.228132 5
0.346781 0.929398 7
0.599700 0.876386 1
0.828252 0.748968 4
0.090408 0.053032 8
0.291761 0.402578 4
0.768950 0.471178 5
0.290852 0.626783 10
0.521280 0.896405 6
0.631193 0.213210 6
0.500530 0.681648 3
0.603897 0.262879 5
0.562786 0.916216 2
0.034253 0.136081 1
0.737395 0.912307 7
0.308067 0.144512 6
0.215515 0.025019 1
0.760447 0.044078 3
0.469063 0.978116 6
0.728231 0.107936 4
0.592823 0.291470 8
0.740109 0.117096 3
0.256089 0.456585 3
0.830258 0.987363 8
0.474453 0.009704 5
0.137360 0.019507 5
0.012691 0.535306 0
0.097085 0.450894 1
0.292767 0.774505 8
0.818042 0.008117 3
0.381382 0.104598 10
0.751499 0.844197 7
0.545514 0.897407 3
0.102718 0.803081 1
0.237270 0.828217 5
0.753158 0.272141 0
0.731155 0.109042 10
0.464087 0.849024 10
0.904141 0.129409 9
0.163312 0.635485 5
0.291299 0.126129 3
0.967743 0.506965 4
0.292967 0.019074 6
0.881808 0.702052 0
0.851835 0.460181 9
0.459136 0.725637 7
0.779609 0.815231 2
0.756719 0.873281 1
0.372619 0.128494 4
0.699239 0.810704 9
0.047845 0.637731 9
0.142974 0.070474 0
0.597857 0.648052 8
0.767399 0.654910 5
0.905138 0.531219 7
0.615377 0.614025 6
0.372287 0.657851 10
0.363755 0.279402 0
0.925751 0.786365 9
0.907350 0.081988 9
0.652035 0.624471 9
0.790928 0.606701 7
0.061099 0.158903 7
0.856018 0.857176 10
0.139399 0.919337 3
0.288123 0.970274 10
0.210082 0.737247 5
0.175359 0.395586 6
0.152068 0.793632 3
0.314314 0.919206 0
