n 250
m 1
tmax 20.000000
0.495878 0.031374 0
0.322672 0.618345 9
0.667641 0.592658 8
0.490545 0.832912 3
0.796783 0.497275 2
0.482652 0.812216 2
0.963553 0.955580 6
0.968433 0.496244 5
0.385453 0.834133 3
0.633537 0.048474 9
0.963805 0.888931 7
0.562065 0.460123 8
0.131582 0.301353 9
0.667592 0.727610 6
0.347019 0.188315 1
0.093587 0.422835 10
0.387432 0.895162 9
0.732165 0.202302 4
0.661296 0.861085 6
0.244609 0.055117 1
0.270699 0.025438 7
0.647021 0.330214 3
0.029611 0.303365 1
0.698643 0.506092 4
0.860365 0.812745 9
0.050075 0.283836 10
0.587703 0.495749 5
0.679447 0.722230 2
0.279239 0.044296 4
0.542077 0.920202 10
0.731048 0.010090 8
0.626243 0.365304 10
0.730068 0.759427 10
0.411369 0.551616 8
0.817158 0.878515 2
0.369058 0.519227 3
0.223725 0.674684 1
0.682713 0.409322 10
0.719987 0.600441 2
0.031683 0.408391 5
0.993879 0.863664 2
0.180593 0.731882 10
0.786752 0.071568 6
0.928375 0.798690 10
0.482527 0.192561 1
0.033924 0.982769 7
0.073352 0.486446 6
0.053441 0.741726 9
0.257553 0.258039 9
0.895013 0.463073 9
0.507571 0.968814 3
0.503695 0.506805 8
0.222499 0.162290 1
0.427232 0.698544 2
0.459461 0.209999 5
0.963537 0.748020 3
0.387250 0.236414 4
0.133535 0.826138 6
0.366907 0.230949 8
0.907844 0.889723 2
0.811882 0.844149 6
0.854689 0.038235 7
0.596277 0.879263 10
0.289460 0.285101 2
0.081222 0.513882 4
0.762704 0.997690 10
0.025849 0.760444 5
0.525736 0.594008 6
0.621157 0.123755 7
0.167105 0.510035 3
0.989179 0.413791 4
0.892855 0.041573 9
0.609105 0.798743 2
0.725558 0.447305 3
0.193053 0.761014 3
0.250137 0.051374 2
0.464676 0.881501 7
0.397341 0.219780 9
0.192706 0.690500 1
0.466334 0.465150 6
0.750691 0.528248 6
0.914524 0.720329 7
0.697993 0.153641 5
0.886470 0.239152 3
0.789426 0.656853 9
0.714177 0.357263 8
0.271769 0.770816 7
0.527958 0.065473 3
0.480528 0.223115 7
0.184516 0.246736 3
0.935463 0.533727 2
0.788531 0.984168 9
0.971094 0.274140 8
0.041032 0.429654 5
0.967807 0.012851 1
0.719142 0.350330 5
0.231688 0.646564 1
0.757955 0.673068 5
0.703562 0.163877 10
0.256440 0.641021 8
0.140832 0.980638 6
0.835919 0.422395 8
0.987986 0.058158 8
0.224487 0.795153 2
0.789575 0.083160 3
0.361447 0.210681 3
0.011398 0.552487 1
0.084577 0.840761 3
0.372527 0.176075 2
0.756383 0.217329 8
0.830278 0.687045 3
0.338927 0.405979 5
0.202258 0.277862 9
0.758676 0.243855 9
0.146955 0.769723 6
0.809854 0.759511 8
0.767353 0.519538 2
0.530005 0.519041 5
0.620718 0.903787 3
0.412049 0.359966 9
0.629013 0.914662 3
0.729633 0.706080 8
0.528307 0.716540 8
0.209529 0.708358 9
0.720656 0.337892 4
0.496545 0.946014 2
0.397077 0.245804 9
0.156667 0.872573 2
0.317403 0.147605 7
0.091055 0.714807 2
0.865796 0.269186 7
0.608914 0.721695 6
0.019873 0.042989 7
0.708485 0.224466 9
0.330620 0.614624 10
0.108658 0.138284 1
0.666607 0.431824 9
0.766525 0.693024 4
0.581331 0.729768 10
0.039989 0.377732 1
0.182115 0.628328 3
0.352598 0.881909 8
0.154740 0.713979 6
0.306283 0.767629 9
0.728207 0.335589 5
0.347932 0.436322 9
0.981246 0.305369 3
0.641351 0.646992 1
0.229739 0.194970 1
0.760310 0.532647 6
0.527546 0.485640 1
0.354812 0.513248 10
0.944212 0.897282 2
0.840294 0.284209 5
0.853739 0.849770 4
0.812625 0.451232 2
0.041889 0.889470 3
0.626837 0.576784 7
0.391525 0.248647 1
0.035850 0.532423 7
0.806478 0.401899 2
0.524447 0.690117 1
0.975587 0.209918 10
0.903696 0.137926 9
0.554171 0.463987 7
0.353136 0.410754 10
0.954392 0.742048 7
0.441461 0.271992 1
0.544407 0.487166 1
0.334975 0.790069 8
0.834811 0.779453 4
0.704790 0.847580 1
0.545884 0.862932 3
0.451006 0.606272 4
0.441304 0.609884 7
0.367019 0.984407 3
0.026896 0.032216 1
0.273952 0.252491 9
0.416666 0.639601 7
0.409565 0.075589 3
0.168424 0.339311 9
0.581547 0.885688 8
0.872660 0.077476 2
0.562018 0.891456 6
0.832859 0.420482 4
0.472319 0.790757 6
0.742669 0.970233 5
0.094380 0.135995 4
0.246332 0.051021 2
0.849549 0.351377 9
0.705415 0.697476 2
0.333338 0.351581 3
0.892421 0.722905 5
0.969197 0.874928 8
0.916049 0.166867 4
0.252996 0.749883 9
0.994110 0.656850 10
0.190252 0.649287 9
0.031512 0.393860 1
0.993537 0.309284 3
0.952529 0.793953 3
0.029580 0.759946 3
0.928979 0.494096 3
0.383997 0.232807 3
0.383002 0.426273 10
0.219444 0.911522 8
0.282274 0.524590 10
0.067332 0.617190 9
0.752379 0.064156 7
0.984740 0.232221 3
0.497938 0.590491 8
0.278655 0.565916 7
0.473057 0.658215 8
0.320449 0.573915 8
0.602674 0.061978 5
0.078127 0.566252 7
0.751029 0.512713 9
0.184507 0.003741 5
0.128260 0.869909 8
0.487850 0.214236 9
0.982002 0.895637 5
0.888857 0.999811 5
0.037987 0.490533 1
0.549619 0.080478 9
0.667215 0.054743 10
0.656192 0.817208 8
0.438727 0.613489 8
0.277139 0.175753 10
0.074813 0.180435 5
0.840408 0.236079 2
0.188740 0.669969 4
0.282758 0.127952 9
0.750825 0.285598 4
0.290010 0.778024 6
0.695670 0.667061 9
0.169955 0.318101 10
0.283259 0.568390 7
0.931124 0.589852 5
0.773677 0.789905 7
0.977277 0.800469 7
0.806893 0.442793 1
0.911341 0.828022 3
0.113027 0.471219 3
0.992573 0.852068 1
0.932258 0.842423 1
0.583008 0.679359 8
0.305679 0.827740 9
0.772131 0.414498 5
0.268529 0.146828 7
0.905799 0.929701 10
