n 250
m 1
tmax 8.732293
0.283017 0.151861 5
0.749307 0.228534 1
0.636946 0.661300 4
0.273720 0.991397 1
0.814631 0.587614 3
0.866592 0.911744 2
0.183570 0.012864 3
0.617569 0.931370 5
0.414578 0.006040 5
0.902993 0.065520 5
0.593800 0.187165 4
0.405111 0.572998 5
0.690459 0.353235 5
0.914118 0.001624 5
0.203679 0.640909 7
0.117334 0.687390 2
0.376046 0.877898 1
0.949822 0.319967 0
0.358371 0.799411 2
0.619883 0.784957 0
0.775337 0.235286 0
0.744053 0.210596 1
0.507612 0.820975 5
0.137775 0.762567 5
0.503673 0.281650 3
0.280295 0.837710 4
0.583366 0.176221 5
0.003800 0.261004 5
0.184504 0.786885 3
0.406803 0.601924 5
0.170770 0.959578 5
0.369000 0.629191 9
0.796427 0.364977 3
0.221566 0.947390 2
0.822446 0.653060 3
0.983211 0.110746 0
0.813828 0.355338 4
0.617852 0.072264 4
0.648310 0.578563 1
0.232778 0.328392 9
0.631748 0.655223 4
0.564947 0.801737 3
0.528859 0.295424 4
0.617830 0.231101 5
0.229647 0.663311 10
0.935988 0.729058 3
0.648466 0.645011 4
0.589010 0.370926 2
0.841075 0.762553 4
0.345083 0.880787 3
0.668415 0.351474 2
0.212409 0.632647 8
0.454625 0.385017 2
0.424408 0.463251 4
0.069443 0.226982 8
0.368314 0.829793 2
0.957390 0.462582 5
0.155647 0.061920 4
0.657214 0.930638 3
0.378884 0.186267 7
0.870214 0.410105 5
0.978463 0.105007 5
0.792216 0.019441 5
0.594697 0.571072 0
0.814377 0.098834 4
0.412738 0.986583 3
0.943126 0.783557 3
0.454825 0.985183 5
0.670590 0.779553 0
0.343084 0.475107 6
0.078942 0.146267 5
0.160852 0.174019 8
0.122919 0.511471 3
0.029367 0.868656 1
0.311080 0.064731 2
0.230129 0.402320 2
0.681639 0.666223 2
0.525173 0.593985 3
0.777760 0.948638 4
0.555967 0.954034 1
0.785133 0.862686 3
0.372124 0.823680 1
0.746369 0.491421 1
0.175565 0.780023 2
0.986281 0.683109 2
0.819219 0.167214 3
0.292486 0.953454 0
0.255316 0.387045 6
0.236569 0.811609 2
0.859265 0.996468 3
0.934820 0.000369 2
0.404111 0.387918 3
0.666852 0.457571 1
0.137131 0.171122 9
0.465137 0.258797 5
0.228104 0.624796 6
0.263957 0.575795 7
0.952809 0.852887 5
0.680157 0.927561 1
0.103016 0.605021 3
0.105818 0.315709 9
0.450162 0.248803 4
0.499022 0.670511 2
0.386400 0.546336 9
0.548043 0.629442 0
0.968930 0.558768 5
0.007148 0.305009 10
0.984553 0.063342 2
0.676012 0.506168 5
0.782483 0.388037 1
0.869081 0.630893 1
0.165872 0.658789 5
0.660186 0.528109 5
0.906015 0.101435 4
0.908977 0.987650 4
0.312677 0.080591 3
0.502899 0.844272 4
0.923959 0.268480 2
0.779702 0.432108 1
0.549625 0.148722 2
0.493234 0.855615 1
0.409934 0.157052 3
0.109978 0.986128 5
0.658762 0.460300 1
0.361603 0.795862 0
0.270994 0.117847 7
0.227116 0.726657 0
0.113519 0.159167 4
0.106477 0.836021 2
0.460335 0.351763 4
0.153322 0.185513 9
0.258352 0.753578 5
0.836868 0.152236 5
0.056693 0.420188 5
0.990652 0.930647 3
0.421682 0.288819 1
0.494099 0.739479 1
0.706780 0.308697 2
0.473059 0.398915 4
0.829437 0.765559 4
0.771919 0.776043 1
0.336035 0.794165 3
0.783780 0.779980 3
0.326460 0.614956 10
0.011369 0.541650 2
0.626128 0.489641 1
0.953467 0.569572 1
0.590280 0.662149 3
0.864280 0.704393 4
0.865963 0.545155 1
0.965396 0.770418 3
0.741491 0.408333 4
0.365476 0.796002 5
0.130809 0.684648 1
0.001049 0.828798 2
0.278623 0.103201 9
0.694145 0.260479 4
0.249563 0.248207 9
0.204012 0.579550 5
0.446320 0.796355 0
0.569050 0.810820 0
0.681739 0.839982 2
0.898937 0.347083 0
0.811970 0.511598 1
0.976535 0.657875 1
0.631665 0.440947 5
0.652130 0.412554 1
0.209148 0.046643 5
0.750154 0.091662 0
0.550218 0.561272 1
0.540959 0.868330 5
0.485573 0.607983 3
0.132682 0.945789 5
0.091383 0.934905 5
0.541184 0.671991 1
0.876817 0.704257 2
0.383656 0.111516 2
0.473916 0.508134 4
0.723290 0.526581 4
0.826149 0.026689 2
0.805758 0.214971 2
0.515737 0.698407 2
0.413096 0.008488 2
0.901992 0.592713 3
0.597016 0.971079 2
0.693940 0.554464 1
0.357248 0.885759 4
0.462825 0.527494 4
0.596708 0.643444 2
0.688258 0.260296 2
0.595218 0.389373 2
0.377737 0.073526 1
0.797079 0.349423 3
0.861973 0.189445 4
0.320079 0.078659 2
0.790392 0.440570 0
0.917403 0.495480 2
0.660816 0.444029 1
0.447917 0.101905 3
0.021148 0.284829 10
0.217196 0.750939 0
0.648007 0.903468 4
0.013310 0.704033 1
0.055155 0.251340 8
0.887513 0.377427 0
0.202921 0.310311 7
0.139062 0.729714 2
0.634288 0.856114 3
0.059503 0.056151 4
0.962828 0.604854 5
0.032185 0.906238 2
0.345618 0.894782 4
0.210902 0.958420 4
0.244907 0.027635 0
0.705550 0.734966 1
0.416462 0.599474 4
0.714300 0.105157 5
0.053684 0.307247 8
0.453333 0.915282 5
0.699520 0.923102 2
0.670754 0.877185 2
0.687630 0.070702 1
0.174587 0.476372 5
0.747010 0.865231 5
0.084157 0.105316 1
0.909034 0.209694 0
0.252120 0.140917 6
0.136250 0.351840 8
0.935659 0.792106 0
0.033308 0.738176 0
0.976677 0.758532 5
0.358385 0.648779 8
0.691131 0.954748 1
0.638791 0.287521 2
0.142423 0.357916 9
0.010385 0.598955 3
0.702531 0.512860 0
0.741680 0.410359 3
0.173794 0.009628 2
0.102366 0.105374 4
0.174687 0.161061 6
0.435905 0.455084 5
0.078267 0.737476 4
0.961486 0.660675 3
0.714041 0.997317 4
0.728530 0.275123 0
0.285127 0.451268 8
0.196933 0.020409 3
0.641255 0.238907 5
0.186166 0.322295 7
