n 300
m 1
tmax 11.272856
0.366589 0.431359 9
0.518020 0.844886 2
0.208912 0.982045 9
0.952764 0.799251 8
0.066363 0.982849 10
0.114862 0.582049 8
0.770119 0.788445 6
0.476177 0.390822 1
0.607903 0.183945 10
0.296833 0.706325 4
0.345345 0.877129 7
0.737501 0.992846 2
0.524114 0.005512 6
0.479587 0.332799 10
0.680116 0.409709 3
0.722311 0.312411 7
0.351528 0.784125 7
0.637094 0.849098 9
0.547638 0.499426 2
0.735241 0.575314 9
0.026646 0.910273 2
0.049515 0.489343 5
0.682548 0.072784 6
0.506957 0.067106 2
0.238768 0.764787 7
0.613397 0.822313 5
0.968536 0.094201 4
0.503904 0.457829 5
0.633413 0.225721 5
0.482920 0.940792 9
0.358099 0.492779 3
0.573620 0.678796 1
0.041139 0.479457 8
0.491168 0.222292 10
0.308327 0.703562 9
0.969748 0.760542 1
0.879471 0.469693 8
0.728894 0.167652 7
0.121530 0.305477 1
0.980301 0.012376 5
0.735094 0.661241 7
0.974418 0.828954 1
0.863395 0.743356 9
0.591371 0.724368 8
0.162981 0.250539 5
0.126743 0.524699 1
0.881495 0.079373 3
0.022353 0.269840 4
0.269473 0.788887 6
0.353949 0.399774 1
0.773525 0.411165 3
0.607371 0.392237 5
0.742530 0.665736 6
0.164198 0.397371 10
0.362346 0.336795 1
0.486908 0.746878 8
0.094402 0.730695 3
0.531156 0.106506 10
0.540056 0.587131 6
0.422516 0.907458 9
0.569206 0.210982 3
0.689240 0.724998 10
0.661450 0.192488 10
0.590821 0.862745 4
0.931130 0.735776 8
0.208940 0.380007 5
0.407967 0.737566 2
0.954887 0.518597 9
0.919371 0.744901 4
0.920221 0.637698 5
0.333561 0.969318 8
0.623140 0.943703 1
0.019977 0.676853 2
0.974555 0.014021 3
0.259719 0.101655 10
0.867122 0.945583 10
0.052457 0.573533 10
0.132636 0.304086 2
0.758954 0.047658 6
0.254243 0.947589 5
0.815910 0.592262 2
0.298032 0.893421 6
0.053241 0.667244 2
0.945343 0.424458 2
0.574769 0.280581 9
0.295601 0.027235 4
0.545356 0.095583 4
0.017671 0.766830 2
0.363679 0.797114 6
0.497965 0.313001 8
0.180229 0.770511 4
0.970857 0.393450 1
0.805806 0.805222 4
0.177215 0.770575 7
0.168023 0.471561 9
0.503895 0.434975 4
0.222792 0.322779 7
0.784747 0.835091 10
0.549463 0.526628 5
0.207556 0.110844 6
0.043192 0.131479 2
0.593101 0.588316 2
0.783328 0.774868 6
0.709794 0.215961 7
0.148777 0.852991 2
0.714506 0.981812 5
0.305378 0.744143 4
0.216819 0.449468 1
0.699539 0.425402 2
0.087238 0.412371 5
0.936745 0.319632 8
0.900661 0.053306 1
0.251529 0.705494 8
0.422891 0.510856 5
0.774232 0.861937 2
0.009955 0.256887 1
0.424684 0.729054 1
0.349741 0.481499 3
0.752018 0.117309 7
0.874020 0.168605 4
0.242369 0.452374 10
0.829263 0.659541 10
0.928978 0.535323 7
0.475503 0.691929 6
0.377952 0.858638 2
0.335533 0.211075 6
0.680450 0.496482 4
0.502038 0.596463 5
0.039376 0.526256 10
0.016018 0.375126 8
0.335027 0.453982 4
0.012549 0.228994 7
0.427498 0.264209 9
0.309453 0.615548 9
0.638465 0.550422 10
0.357194 0.163616 6
0.626108 0.133685 9
0.260086 0.363785 4
0.119406 0.897572 6
0.803083 0.333400 7
0.859617 0.664013 8
0.074438 0.214389 2
0.608867 0.942364 7
0.431447 0.400964 9
0.330806 0.731706 4
0.302663 0.335638 1
0.896490 0.715706 10
0.133137 0.619610 9
0.141082 0.703952 4
0.802620 0.349534 5
0.136729 0.435872 8
0.504925 0.238461 2
0.373546 0.145621 3
0.371492 0.106170 3
0.580220 0.070551 5
0.457846 0.817491 5
0.604985 0.269603 2
0.243749 0.656527 2
0.587667 0.234085 9
0.506361 0.416490 4
0.301158 0.324081 7
0.790709 0.360788 8
0.605402 0.370079 7
0.135125 0.172760 4
0.181099 0.817867 9
0.085919 0.025124 1
0.895317 0.992932 5
0.309615 0.318559 6
0.233765 0.846822 8
0.613266 0.301578 1
0.120516 0.134142 10
0.131112 0.911686 8
0.138215 0.034292 9
0.587433 0.858769 3
0.440039 0.560603 6
0.444633 0.319536 9
0.134769 0.753036 5
0.894382 0.628917 9
0.963878 0.665274 2
0.803982 0.577382 7
0.435181 0.588648 1
0.968337 0.829846 6
0.928158 0.022246 4
0.890978 0.496950 2
0.736041 0.244734 2
0.231335 0.602833 4
0.542068 0.439571 2
0.611372 0.785495 5
0.937112 0.001459 7
0.894156 0.021297 5
0.086357 0.836862 2
0.194485 0.119648 6
0.925815 0.171641 7
0.739497 0.531476 1
0.478480 0.590389 4
0.782740 0.546006 2
0.914145 0.263191 10
0.384683 0.365730 8
0.941467 0.441160 6
0.160007 0.065434 9
0.197713 0.465629 10
0.338683 0.257249 10
0.148485 0.318036 4
0.025332 0.921586 8
0.791375 0.555188 6
0.642921 0.791739 6
0.330480 0.810893 1
0.541736 0.292363 4
0.441042 0.312670 5
0.921585 0.931229 10
0.510499 0.430768 10
0.826753 0.244670 10
0.801898 0.898684 3
0.724675 0.901224 2
0.773437 0.559343 4
0.972886 0.877302 8
0.214618 0.754903 6
0.718875 0.602471 8
0.436458 0.115147 10
0.313846 0.219613 8
0.678235 0.571194 5
0.330469 0.558449 6
0.677454 0.821865 7
0.076799 0.566246 2
0.608018 0.744171 7
0.513832 0.306041 2
0.712662 0.638736 2
0.071680 0.592134 1
0.205378 0.019707 4
0.638106 0.235031 10
0.860698 0.338266 4
0.329625 0.087379 10
0.831755 0.344113 1
0.950734 0.393818 1
0.145244 0.518791 10
0.084087 0.419197 3
0.452000 0.816204 6
0.157453 0.799429 10
0.512257 0.266515 6
0.673846 0.561338 8
0.022270 0.860940 3
0.162530 0.022142 5
0.740416 0.310366 1
0.701144 0.038401 6
0.481771 0.700239 10
0.412265 0.493357 6
0.393924 0.097760 1
0.300459 0.281457 4
0.489564 0.506105 4
0.881503 0.540280 9
0.192810 0.863589 9
0.487447 0.985513 1
0.282000 0.519043 10
0.158816 0.350352 7
0.568512 0.892529 2
0.423737 0.728745 9
0.642374 0.166128 8
0.766886 0.798443 6
0.445812 0.367949 4
0.203324 0.563293 3
0.204210 0.646465 9
0.950497 0.075260 2
0.038751 0.558302 10
0.742857 0.322594 8
0.965147 0.695111 9
0.347159 0.645891 7
0.316555 0.365220 5
0.497766 0.460141 1
0.209817 0.097329 6
0.648738 0.992691 10
0.745502 0.719976 6
0.044189 0.222239 10
0.538789 0.091487 3
0.729633 0.283111 4
0.664274 0.492689 10
0.267424 0.442866 5
0.483787 0.924197 5
0.657528 0.374995 7
0.341472 0.991160 2
0.285517 0.956145 1
0.679263 0.144487 2
0.594531 0.117055 4
0.204468 0.370378 8
0.644848 0.307309 10
0.412797 0.091575 2
0.300459 0.634684 1
0.581260 0.897120 2
0.873731 0.545404 6
0.208944 0.104378 7
0.055767 0.109358 8
0.848504 0.597353 3
0.159571 0.930456 5
0.066281 0.410465 4
0.043779 0.578428 5
0.655138 0.073541 9
0.309907 0.055668 6
0.941795 0.976502 8
0.376470 0.420080 1
0.374667 0.380377 2
0.311212 0.036427 6
