n 250
m 1
tmax 5.988684
0.202385 0.532401 0
0.846165 0.562422 5
0.807278 0.461932 8
0.035002 0.994607 8
0.987879 0.770054 8
0.374043 0.609766 8
0.212633 0.381948 6
0.589135 0.239929 7
0.969130 0.392911 7
0.809418 0.293030 8
0.666331 0.386730 6
0.369082 0.944294 10
0.131449 0.538232 10
0.921721 0.355550 2
0.667989 0.436710 9
0.088688 0.900388 1
0.792353 0.805341 8
0.543626 0.812657 3
0.186613 0.342001 4
0.523890 0.297358 4
0.856931 0.206384 9
0.876174 0.211853 4
0.734139 0.464572 2
0.471631 0.884109 2
0.174686 0.664943 10
0.854033 0.508271 1
0.865513 0.588482 9
0.045605 0.972878 4
1.000000 0.919916 5
0.428761 0.699629 1
0.235559 0.310362 6
0.547670 0.320618 6
0.994528 0.297700 3
0.831407 0.240298 5
0.619108 0.451543 8
0.369865 0.831157 9
0.174544 0.447831 1
0.880698 0.583873 7
0.702231 0.351416 1
0.012522 0.842988 7
0.911693 0.747319 9
0.438717 0.699876 2
0.245690 0.398809 2
0.575443 0.279112 3
0.950515 0.322045 7
0.761232 0.118705 7
0.621289 0.382466 5
0.292869 0.954719 8
0.242853 0.457404 7
0.786546 0.505940 9
0.762983 0.430699 8
0.021603 0.840275 3
0.853978 0.805467 4
0.528565 0.795535 10
0.244592 0.470051 4
0.525369 0.346768 3
0.919509 0.164249 4
0.901625 0.144085 5
0.597906 0.448417 7
0.427884 0.797792 10
0.227832 0.456054 9
0.839255 0.475922 9
0.778895 0.446192 7
0.018284 0.870305 6
0.851310 0.766936 6
0.392816 0.723259 8
0.182674 0.270172 10
0.635501 0.333052 5
0.944464 0.299869 8
0.781086 0.233166 3
0.719162 0.421642 10
0.350384 0.779490 1
0.198837 0.517287 7
0.741904 0.442802 3
0.797445 0.404937 3
0.046736 0.946871 9
0.940683 0.819708 3
0.395021 0.689574 10
0.350656 0.336538 8
0.526724 0.258481 3
0.900086 0.328290 1
0.793282 0.195227 2
0.674799 0.456766 1
0.451605 0.776560 8
0.272698 0.488148 3
0.900594 0.537527 2
0.815171 0.529715 7
0.065038 0.968385 10
0.918420 0.825370 1
0.412046 0.649602 9
0.199412 0.345825 10
0.494368 0.276017 8
0.825912 0.111466 5
0.911596 0.251833 4
0.649329 0.486956 4
0.313386 0.837162 8
0.207696 0.470750 2
0.870616 0.455412 6
0.762428 0.498377 6
0.101097 0.872707 2
0.938792 0.848850 2
0.411892 0.748092 9
0.224187 0.338171 3
0.603885 0.369196 7
1.000000 0.161513 1
0.777392 0.267206 5
0.547113 0.462539 3
0.302812 0.923058 2
0.215093 0.511294 5
0.754251 0.455483 5
0.716438 0.410525 2
0.049653 0.905693 7
0.876820 0.778453 5
0.446435 0.688536 8
0.199553 0.269658 8
0.462397 0.329699 9
0.840973 0.353106 9
0.777926 0.215911 5
0.737834 0.403926 10
0.316010 0.849625 1
0.177811 0.597169 4
0.772528 0.513473 7
0.795933 0.525250 5
0.085750 0.905213 9
0.936707 0.771532 10
0.431811 0.578656 2
0.273332 0.379492 1
0.607979 0.392586 1
0.947738 0.263809 3
0.786323 0.225600 10
0.702014 0.373527 2
0.283560 0.847040 4
0.257089 0.593377 10
0.827665 0.501146 5
0.860878 0.393157 10
0.102956 0.884450 1
0.906507 0.844353 9
0.393946 0.811099 5
0.275275 0.397233 4
0.649050 0.415772 5
0.939546 0.254622 7
0.783905 0.177908 8
0.676780 0.482416 1
0.358427 0.865843 1
0.252917 0.572646 3
0.829837 0.509887 6
0.739716 0.497553 4
0.014192 0.880958 2
1.000000 0.851799 8
0.466881 0.755004 9
0.121418 0.378400 9
0.588028 0.352151 8
0.877221 0.218443 3
0.814405 0.210622 7
0.687466 0.405109 4
0.470274 0.899206 9
0.174671 0.657030 3
0.894040 0.520303 7
0.763731 0.444353 9
0.074618 0.886968 5
0.890342 0.885753 2
0.486299 0.763563 10
0.174693 0.421554 4
0.564368 0.378064 6
0.996512 0.217905 1
0.779865 0.034743 5
0.636029 0.491712 5
0.381387 0.840837 8
0.284027 0.564200 6
0.858938 0.436608 2
0.752218 0.380740 8
0.111164 0.821277 5
0.853074 0.817577 4
0.439865 0.771085 2
0.242200 0.423279 4
0.535954 0.414011 4
1.000000 0.342924 2
0.792412 0.179752 4
0.697014 0.511641 5
0.300251 0.956054 8
0.204187 0.471080 1
0.867731 0.430702 9
0.698881 0.376298 5
0.085314 1.000000 8
0.755452 0.927628 5
0.367461 0.699710 2
0.341757 0.427377 5
0.516642 0.376375 1
0.913891 0.207069 2
0.831139 0.210277 10
0.679182 0.423328 2
0.269990 0.929508 2
0.332769 0.471218 4
0.732970 0.422581 3
0.736615 0.443658 4
0.050553 0.908056 6
0.887283 0.746655 6
0.392938 0.700710 8
0.307572 0.332069 1
0.581481 0.448928 2
0.914420 0.347055 5
0.873192 0.267079 8
0.605127 0.467537 10
0.373658 0.852007 10
0.296938 0.411365 9
0.733942 0.531316 9
0.860377 0.416241 7
0.025402 0.865872 6
0.798475 0.654465 1
0.311003 0.657745 3
0.201921 0.290485 4
0.566520 0.263397 7
0.743952 0.279309 4
0.826808 0.154739 5
0.619832 0.384780 1
0.330190 0.825399 2
0.216750 0.594837 4
0.780578 0.489575 10
0.793299 0.326317 7
0.125362 0.771263 10
0.874358 0.822873 1
0.414568 0.745316 3
0.286380 0.335106 4
0.549504 0.275520 1
0.854750 0.243360 1
0.759159 0.234244 3
0.702842 0.446687 5
0.193924 0.742585 5
0.266972 0.645860 2
0.794879 0.641667 4
0.805396 0.471424 7
0.142228 1.000000 4
0.880640 0.872344 2
0.300717 0.791130 10
0.187073 0.334382 10
0.466026 0.358944 8
0.919727 0.399916 9
0.747759 0.164822 3
0.719703 0.443371 9
0.390113 0.754412 1
0.184288 0.558695 5
0.731684 0.470122 6
0.726069 0.473497 8
0.031866 0.900150 3
0.863868 0.694228 8
0.418497 0.601195 1
0.257507 0.401892 1
0.471395 0.386228 10
0.935006 0.301750 8
0.763936 0.242132 8
