n 250
m 1
tmax 8.144302
0.695359 0.620711 5
0.900653 0.115587 3
0.291485 0.439989 9
0.722811 0.378089 3
0.234648 0.962976 10
0.243031 0.942025 7
0.453188 0.249441 9
0.460000 0.582007 7
0.435002 0.724841 5
0.486765 0.345187 6
0.683878 0.161826 3
0.989797 0.314058 9
0.014251 0.192208 4
0.537281 0.720334 2
0.284512 0.275530 1
0.523245 0.275787 3
0.010689 0.895139 1
0.305509 0.206941 9
0.947974 0.117760 3
0.913662 0.162540 3
0.258061 0.913157 1
0.510066 0.692208 5
0.080281 0.790277 8
0.721263 0.797232 10
0.463720 0.281864 2
0.019382 0.319245 8
0.862039 0.600906 1
0.886384 0.403524 6
0.545090 0.640273 7
0.576994 0.334003 3
0.944306 0.415452 9
0.165143 0.496470 1
0.813528 0.766585 8
0.486141 0.855329 7
0.783071 0.368148 4
0.655855 0.569026 9
0.173771 0.183019 6
0.120671 0.275742 2
0.342358 0.730843 4
0.597995 0.874636 1
0.515320 0.896491 4
0.381195 0.823703 9
0.488425 0.040443 10
0.917410 0.592431 7
0.860688 0.809236 8
0.731543 0.089172 5
0.581236 0.351908 7
0.701458 0.408805 3
0.501826 0.111523 10
0.739818 0.137967 8
0.348743 0.882084 4
0.424627 0.362585 8
0.897223 0.295371 9
0.584344 0.684590 9
0.299062 0.372179 8
0.847015 0.432716 5
0.287834 0.609015 1
0.009706 0.297581 2
0.971560 0.547806 9
0.614091 0.273653 10
0.542627 0.588303 5
0.113479 0.205238 8
0.127281 0.018745 1
0.139405 0.938209 5
0.726208 0.605000 2
0.428225 0.323595 3
0.672890 0.673426 6
0.057047 0.234780 7
0.744925 0.108726 8
0.736161 0.084335 6
0.172772 0.605455 6
0.030458 0.519276 10
0.825316 0.059963 7
0.643530 0.438500 10
0.418435 0.509026 9
0.496920 0.990285 6
0.177013 0.207280 3
0.273689 0.835137 10
0.637594 0.433204 3
0.427567 0.366800 5
0.614597 0.756383 3
0.344490 0.435351 5
0.665457 0.167834 8
0.076306 0.664565 1
0.042182 0.187141 1
0.879872 0.674604 3
0.326825 0.306163 6
0.047109 0.468924 3
0.621217 0.495008 8
0.386595 0.847283 9
0.270253 0.323318 2
0.975357 0.056352 8
0.288144 0.424293 9
0.141811 0.028748 8
0.612526 0.152327 9
0.595671 0.104906 1
0.489074 0.437484 2
0.195236 0.561441 2
0.137726 0.467848 6
0.740791 0.174650 4
0.139644 0.671469 9
0.169870 0.642273 7
0.779570 0.402431 6
0.784284 0.684869 3
0.199975 0.018538 7
0.276263 0.684006 6
0.443011 0.206111 6
0.491630 0.621616 9
0.027267 0.440262 2
0.530112 0.870112 6
0.983453 0.639223 2
0.908375 0.691191 9
0.321973 0.008827 2
0.220487 0.052725 10
0.292267 0.336631 9
0.008409 0.445379 1
0.362452 0.906611 2
0.720344 0.083398 9
0.300465 0.330728 7
0.823129 0.083539 8
0.044506 0.246643 3
0.439763 0.501873 5
0.274667 0.467536 5
0.645570 0.118288 3
0.532971 0.952584 6
0.407921 0.402029 9
0.837831 0.903138 4
0.181936 0.049735 2
0.744868 0.520514 4
0.991556 0.327586 1
0.747631 0.712460 8
0.701439 0.430509 10
0.207875 0.040931 6
0.297592 0.882327 4
0.954976 0.178949 2
0.899522 0.819245 8
0.410915 0.994085 2
0.521105 0.925535 7
0.512820 0.629606 9
0.188242 0.025338 7
0.956026 0.222328 5
0.317838 0.671020 2
0.816427 0.762045 10
0.582715 0.429960 10
0.323516 0.778145 10
0.798049 0.617568 2
0.647093 0.832380 4
0.614767 0.080301 10
0.798197 0.287741 7
0.069522 0.932232 9
0.013075 0.920611 5
0.499642 0.585216 6
0.739888 0.182127 5
0.213277 0.816673 7
0.665425 0.519319 3
0.730998 0.716097 3
0.131656 0.039947 2
0.838310 0.537355 6
0.583726 0.760026 10
0.118585 0.069455 5
0.573808 0.801192 8
0.368953 0.411932 9
0.431146 0.403934 1
0.402932 0.904691 8
0.859641 0.037557 8
0.415762 0.384833 7
0.480172 0.582373 9
0.846347 0.935556 9
0.505055 0.891911 10
0.845542 0.492248 4
0.440385 0.716483 8
0.228827 0.751398 2
0.387966 0.351002 3
0.685050 0.736939 5
0.011767 0.519707 7
0.835356 0.060369 10
0.982675 0.022293 5
0.879170 0.074542 9
0.229142 0.495329 4
0.780450 0.409271 1
0.165354 0.539518 9
0.437392 0.726834 8
0.089439 0.455128 3
0.497855 0.379479 4
0.636304 0.449615 3
0.829652 0.543287 7
0.560019 0.426700 10
0.950160 0.558808 8
0.975635 0.765721 1
0.627992 0.183470 7
0.375074 0.089521 3
0.305995 0.444996 1
0.340790 0.252942 3
0.234552 0.419067 8
0.804540 0.486452 9
0.705273 0.974916 4
0.603303 0.468212 9
0.864453 0.617083 1
0.888849 0.459023 10
0.624731 0.506621 10
0.942533 0.083247 7
0.549637 0.504130 4
0.142267 0.036563 5
0.238480 0.111905 10
0.145299 0.965477 2
0.288416 0.587444 5
0.503732 0.744525 5
0.096168 0.091774 10
0.993517 0.200410 4
0.326203 0.067581 2
0.951861 0.976959 10
0.369910 0.328449 6
0.793842 0.849511 5
0.526849 0.780307 10
0.581305 0.810731 8
0.359248 0.032716 3
0.539268 0.044131 10
0.822210 0.681720 10
0.536786 0.626639 1
0.570707 0.989748 8
0.567296 0.564191 9
0.106416 0.318753 6
0.418889 0.642576 7
0.026871 0.417214 8
0.360792 0.562947 1
0.048321 0.900924 3
0.208831 0.022940 5
0.508121 0.639719 1
0.351130 0.142718 7
0.090505 0.190724 8
0.600296 0.215385 10
0.783607 0.640737 7
0.305505 0.489286 4
0.063073 0.617699 3
0.434557 0.721404 1
0.493728 0.006704 1
0.736756 0.054824 5
0.265592 0.817664 9
0.251396 0.749535 9
0.467709 0.770849 4
0.620390 0.584658 10
0.219836 0.211081 6
0.143440 0.702638 1
0.963329 0.389082 3
0.213263 0.537841 2
0.898499 0.890602 5
0.416585 0.204774 1
0.401304 0.297777 2
0.498037 0.110891 9
0.920791 0.107354 1
