n 250
m 1
tmax 10.703419
0.127520 0.682407 8
0.466199 0.428933 9
0.470617 0.601846 2
0.350724 0.480573 3
0.567304 0.563163 9
0.775897 0.468054 7
0.564979 0.027166 10
0.649832 0.733861 2
0.496012 0.193052 5
0.813568 0.057102 6
0.214483 0.938860 5
0.492187 0.201215 8
0.353263 0.225897 3
0.558956 0.559197 2
0.873613 0.166492 10
0.584385 0.209388 3
0.172430 0.912331 3
0.591461 0.334725 1
0.837499 0.520453 4
0.918463 0.882733 7
0.745421 0.888270 8
0.602886 0.895563 4
0.293010 0.898915 3
0.784798 0.571700 6
0.234492 0.142462 2
0.363904 0.984985 4
0.952389 0.285154 9
0.467893 0.416792 4
0.931264 0.651737 5
0.141118 0.066147 10
0.652138 0.758698 5
0.659072 0.389669 8
0.088318 0.116974 3
0.516866 0.682443 8
0.178200 0.263636 8
0.698391 0.248205 9
0.611058 0.171720 3
0.065010 0.685124 1
0.692428 0.852169 4
0.466307 0.670636 8
0.592221 0.443392 7
0.407064 0.235609 3
0.410229 0.527462 7
0.004321 0.243086 4
0.301177 0.749957 2
0.589379 0.108191 5
0.116401 0.945891 7
0.211645 0.886530 6
0.340307 0.242399 3
0.541295 0.849632 10
0.736839 0.791616 8
0.377174 0.042290 8
0.725650 0.969841 9
0.872597 0.481663 10
0.783424 0.599721 2
0.248961 0.591219 4
0.321334 0.284973 4
0.434381 0.522403 2
0.906661 0.046753 5
0.130387 0.847110 4
0.992124 0.882044 2
0.734394 0.525194 7
0.810260 0.191791 1
0.819067 0.135853 5
0.946910 0.178964 3
0.027934 0.785216 4
0.290043 0.321281 6
0.379978 0.894796 2
0.406349 0.079133 3
0.310444 0.515337 7
0.287243 0.461396 7
0.345793 0.152650 5
0.705839 0.603425 5
0.003618 0.435326 3
0.618068 0.959990 4
0.284225 0.007068 6
0.107327 0.193607 3
0.841473 0.508436 10
0.635753 0.751065 3
0.601918 0.952067 7
0.849268 0.753090 10
0.380749 0.821640 8
0.016418 0.940007 1
0.902630 0.738560 10
0.667091 0.739876 2
0.551829 0.147272 2
0.770377 0.071814 10
0.476513 0.974704 5
0.768930 0.875938 9
0.648801 0.215178 6
0.130526 0.073132 1
0.859089 0.599830 5
0.421498 0.534956 6
0.137037 0.636364 7
0.560997 0.373533 10
0.088620 0.498222 10
0.528305 0.083649 4
0.928751 0.867616 6
0.994674 0.989621 3
0.088261 0.977368 10
0.412102 0.336909 9
0.416426 0.665615 3
0.815636 0.882613 2
0.205478 0.149088 6
0.159498 0.123333 1
0.036425 0.470905 6
0.315154 0.609825 1
0.249964 0.801185 2
0.226020 0.550204 1
0.027892 0.799924 2
0.122000 0.299427 2
0.702286 0.063328 4
0.285557 0.125114 4
0.603426 0.865688 10
0.939340 0.204038 2
0.369742 0.472205 4
0.534077 0.204494 3
0.618177 0.991535 4
0.755713 0.037645 5
0.754365 0.063727 5
0.674432 0.578043 4
0.454651 0.031442 4
0.006614 0.956609 1
0.673611 0.687796 4
0.918370 0.837646 8
0.722858 0.192881 5
0.278093 0.652504 8
0.956125 0.686099 4
0.870737 0.160921 3
0.916779 0.662781 7
0.108003 0.220907 7
0.165617 0.507300 5
0.654948 0.736300 4
0.414993 0.734950 1
0.893694 0.194071 7
0.611776 0.510317 9
0.054437 0.973001 4
0.709902 0.061541 5
0.719847 0.448793 9
0.087858 0.474862 9
0.491331 0.285213 5
0.381191 0.503241 6
0.867330 0.797219 6
0.412413 0.688171 5
0.225638 0.759277 7
0.537775 0.466461 6
0.783259 0.522134 5
0.716926 0.499223 4
0.298372 0.985360 4
0.459646 0.415280 3
0.275929 0.170233 3
0.618518 0.751812 4
0.106424 0.974489 10
0.688892 0.787687 2
0.713995 0.982117 5
0.368957 0.466529 2
0.188218 0.073076 6
0.674653 0.720845 5
0.505545 0.266793 7
0.117495 0.150311 1
0.312854 0.954362 10
0.299929 0.967118 7
0.924413 0.118861 8
0.350483 0.202187 2
0.518213 0.711568 1
0.932274 0.394518 9
0.274130 0.457453 7
0.588853 0.577384 9
0.873749 0.633873 3
0.463715 0.849541 3
0.663098 0.202591 9
0.734681 0.469554 5
0.161258 0.358128 8
0.919036 0.323632 6
0.856951 0.296027 9
0.423155 0.410976 5
0.006740 0.744590 3
0.427263 0.134359 8
0.755148 0.563022 3
0.910665 0.320521 1
0.063984 0.300195 3
0.428466 0.041795 4
0.826710 0.279648 8
0.992202 0.324474 8
0.129704 0.589197 2
0.417073 0.485340 7
0.285812 0.333168 10
0.943334 0.653612 2
0.792542 0.086379 4
0.931773 0.660137 8
0.071859 0.807713 3
0.035517 0.465033 7
0.841891 0.931998 3
0.584294 0.607729 6
0.568791 0.083428 10
0.232064 0.706444 4
0.157673 0.294210 7
0.782540 0.267125 9
0.508559 0.588941 7
0.961302 0.095621 5
0.620655 0.044788 7
0.738816 0.332966 7
0.924963 0.235306 10
0.466423 0.145400 9
0.248527 0.379370 2
0.634509 0.362707 3
0.583397 0.475765 8
0.719493 0.434701 4
0.414204 0.052064 3
0.962571 0.122268 4
0.437270 0.648180 5
0.560960 0.055277 3
0.276579 0.433993 5
0.089990 0.588763 6
0.023032 0.693878 4
0.067189 0.088919 6
0.588151 0.540832 2
0.414992 0.688870 4
0.033312 0.811533 2
0.928725 0.655190 2
0.467920 0.734661 8
0.286436 0.595616 3
0.713571 0.178719 4
0.706380 0.553163 2
0.209237 0.983543 2
0.178973 0.951631 3
0.355421 0.765390 6
0.470178 0.442020 7
0.646269 0.259843 4
0.689147 0.903739 9
0.437919 0.572610 1
0.087927 0.750102 9
0.226441 0.916946 10
0.127079 0.054948 3
0.165039 0.202384 1
0.167757 0.250624 4
0.715420 0.179290 1
0.077254 0.362755 6
0.153988 0.273093 6
0.229434 0.412861 3
0.867974 0.330883 7
0.407452 0.748608 6
0.871048 0.661165 2
0.971342 0.546520 10
0.434895 0.063481 3
0.532369 0.742781 6
0.581667 0.393919 5
0.197133 0.927150 6
0.869863 0.807153 8
0.048878 0.392596 4
