n 250
m 1
tmax 7.136065
0.545034 0.733733 0
0.835168 0.999151 4
0.486878 0.449651 2
0.852305 0.031936 3
0.674861 0.527404 1
0.090817 0.484703 1
0.318546 0.840397 2
0.097980 0.272781 2
0.673304 0.468797 2
0.978300 0.574310 3
0.336779 0.095239 2
0.986153 0.223367 1
0.498671 0.102809 1
0.310753 0.574209 1
0.091862 0.608445 3
0.505133 0.248940 2
0.659291 0.644170 4
0.027327 0.192639 1
0.772356 0.377435 1
0.523297 0.705314 3
0.234216 0.438449 3
0.988364 0.919744 5
0.761998 0.574874 6
0.467140 0.330792 3
0.316452 0.936899 2
0.967386 0.832560 6
0.656316 0.084745 1
0.588942 0.065839 2
0.146721 0.814044 2
0.959533 0.793360 6
0.885433 0.846833 4
0.178163 0.779400 2
0.268470 0.115795 6
0.855992 0.757224 5
0.415183 0.204442 2
0.603748 0.036723 2
0.257409 0.434777 3
0.045053 0.551545 3
0.596996 0.620108 3
0.268730 0.548507 3
0.702453 0.829215 5
0.653962 0.854170 6
0.982316 0.266963 2
0.527566 0.535527 1
0.890519 0.893913 4
0.994726 0.542148 2
0.088258 0.694572 2
0.375738 0.393296 2
0.040772 0.664281 1
0.282768 0.316284 3
0.741556 0.890034 5
0.859507 0.412440 2
0.863964 0.914751 5
0.154955 0.398366 2
0.570882 0.594922 2
0.625798 0.676575 5
0.186022 0.636448 3
0.833845 0.556769 6
0.545077 0.584333 2
0.468996 0.252564 3
0.452772 0.853807 2
0.594143 0.780160 6
0.820666 0.636076 5
0.827380 0.546109 6
0.969245 0.070875 1
0.185253 0.007925 6
0.709758 0.311041 2
0.840391 0.788484 5
0.418654 0.151780 1
0.472768 0.043424 2
0.521621 0.962422 3
0.211668 0.028747 4
0.121132 0.830550 3
0.437307 0.782662 1
0.533337 0.074369 3
0.455108 0.516019 2
0.594261 0.553179 1
0.508985 0.293670 3
0.402633 0.958991 3
0.409150 0.007427 3
0.970703 0.053220 3
0.385908 0.426850 3
0.281209 0.432314 3
0.188118 0.121008 4
0.205810 0.180081 1
0.130220 0.987988 3
0.776458 0.927538 5
0.259938 0.077030 5
0.616308 0.043911 3
0.888824 0.346801 2
0.459467 0.552805 1
0.382652 0.152185 1
0.615705 0.100253 1
0.693967 0.826446 4
0.944108 0.549512 3
0.799363 0.628614 4
0.386652 0.448255 1
0.871473 0.056101 1
0.207112 0.749994 1
0.158351 0.696725 3
0.249610 0.669783 1
0.523009 0.439837 3
0.025759 0.526311 3
0.704100 0.802399 6
0.981140 0.231458 2
0.794780 0.378089 2
0.934484 0.320960 1
0.491658 0.445164 2
0.063614 0.719378 2
0.743227 0.017661 3
0.907743 0.109070 1
0.117490 0.004828 4
0.942881 0.496084 3
0.873790 0.283414 2
0.194510 0.347668 3
0.158579 0.461116 2
0.022130 0.887584 3
0.136323 0.389310 3
0.369891 0.695797 3
0.315989 0.944242 3
0.952515 0.947868 4
0.748418 0.665111 5
0.111991 0.773570 2
0.118553 0.192935 3
0.861396 0.096046 3
0.352350 0.018110 2
0.892550 0.354065 1
0.403899 0.634614 2
0.823314 0.346791 1
0.012542 0.893690 2
0.949733 0.743264 1
0.840270 0.270569 2
0.089173 0.098800 4
0.378821 0.850326 3
0.869944 0.568428 6
0.193585 0.003545 6
0.043510 0.368757 2
0.372494 0.538472 3
0.946252 0.741445 1
0.567059 0.941015 3
0.770829 0.279288 1
0.177785 0.546206 1
0.473245 0.738534 3
0.459815 0.895262 2
0.975054 0.429340 2
0.987834 0.279096 3
0.717503 0.940924 1
0.271981 0.734046 1
0.143610 0.571340 1
0.102586 0.598001 2
0.431503 0.739841 2
0.094214 0.343467 2
0.814429 0.233436 2
0.246327 0.014715 4
0.158286 0.113620 5
0.395213 0.479804 3
0.055592 0.829042 3
0.014184 0.146362 2
0.562220 0.731290 3
0.591736 0.538254 3
0.707057 0.009224 2
0.697272 0.355350 2
0.922784 0.203615 2
0.241641 0.919967 2
0.923142 0.545571 4
0.616221 0.821393 6
0.482022 0.201796 1
0.869784 0.967124 4
0.746404 0.708692 5
0.040517 0.135319 2
0.489655 0.189283 3
0.096222 0.727141 2
0.039537 0.805294 2
0.225481 0.279298 3
0.723315 0.256972 1
0.027981 0.270714 3
0.948669 0.000140 2
0.948840 0.573723 1
0.331769 0.304143 3
0.807269 0.095164 1
0.764380 0.679695 5
0.119066 0.052525 4
0.731532 0.985735 2
0.938146 0.373837 1
0.358083 0.431585 2
0.433362 0.710679 2
0.299232 0.081823 4
0.853506 0.379954 2
0.868018 0.124274 3
0.997697 0.950554 4
0.205229 0.560711 3
0.994756 0.138583 1
0.289337 0.497184 2
0.220392 0.696173 2
0.290376 0.511993 3
0.249236 0.856808 1
0.528682 0.662441 2
0.109118 0.101225 4
0.119546 0.798347 3
0.369588 0.026433 2
0.181240 0.435666 2
0.309437 0.225392 1
0.367055 0.553335 1
0.989027 0.437860 3
0.921572 0.399674 1
0.922426 0.924227 5
0.322270 0.301676 1
0.733560 0.651568 4
0.875220 0.047633 1
0.659937 0.510133 2
0.991603 0.490957 3
0.252741 0.692385 3
0.327369 0.258953 2
0.162785 0.685734 3
0.615553 0.681017 2
0.846088 0.966287 6
0.237267 0.375864 2
0.106718 0.101136 5
0.530638 0.697077 1
0.466318 0.883935 1
0.893251 0.034242 3
0.839061 0.554191 5
0.729631 0.781972 5
0.079921 0.891962 3
0.399262 0.409897 3
0.382304 0.526564 2
0.189225 0.720972 3
0.187388 0.311174 2
0.974187 0.611299 1
0.400452 0.913271 1
0.888475 0.027523 2
0.650339 0.439201 3
0.703398 0.816599 4
0.027032 0.541153 1
0.932056 0.758382 3
0.364858 0.664632 2
0.272825 0.056750 4
0.647528 0.604045 3
0.548650 0.754544 2
0.968492 0.036016 2
0.814116 0.551089 5
0.338271 0.388616 2
0.482182 0.961405 1
0.204454 0.510609 1
0.990543 0.316465 2
0.070759 0.355294 3
0.316718 0.047557 5
0.535773 0.369689 3
0.159703 0.062762 4
0.609726 0.457870 1
