n 250
m 1
tmax 18.000000
0.053268 0.793855 3
0.932985 0.836969 8
0.884111 0.470836 3
0.906509 0.564145 7
0.159524 0.543166 4
0.403749 0.214018 8
0.081452 0.755375 9
0.873700 0.888195 4
0.096271 0.769311 8
0.695821 0.258516 6
0.169745 0.210088 10
0.797998 0.319885 6
0.950908 0.055221 3
0.141883 0.031956 10
0.246328 0.971135 3
0.183280 0.490214 7
0.303696 0.145383 7
0.741308 0.353788 8
0.893164 0.935333 3
0.144058 0.040722 7
0.477953 0.880618 10
0.136350 0.607083 8
0.871317 0.597188 2
0.746380 0.201433 8
0.594797 0.203430 10
0.012903 0.454235 10
0.383332 0.983944 7
0.345813 0.412926 1
0.283889 0.087271 10
0.946529 0.737488 1
0.128072 0.665799 7
0.508817 0.277320 1
0.903279 0.634451 6
0.858702 0.294233 9
0.684508 0.087842 11
0.502950 0.378034 8
0.237678 0.396860 5
0.636302 0.911113 1
0.170642 0.029518 1
0.911062 0.608771 7
0.068809 0.449057 6
0.617341 0.576930 2
0.427400 0.324174 10
0.131369 0.587486 10
0.244966 0.514488 1
0.558738 0.044054 12
0.749254 0.915731 10
0.829690 0.423805 8
0.962242 0.537233 3
0.725615 0.842053 7
0.508126 0.344899 9
0.453293 0.462281 4
0.191574 0.567104 11
0.538926 0.791461 10
0.512368 0.520827 2
0.979605 0.520533 9
0.282028 0.709481 13
0.410155 0.486495 10
0.015623 0.884393 4
0.883197 0.985520 9
0.744172 0.927453 5
0.751953 0.848965 9
0.557058 0.439767 9
0.290897 0.722211 8
0.981752 0.429248 9
0.476472 0.636592 4
0.561147 0.114153 12
0.625305 0.545445 8
0.403426 0.796043 10
0.288076 0.545402 1
0.320479 0.966136 3
0.517783 0.193727 4
0.001771 0.202653 9
0.849989 0.178779 9
0.751366 0.385229 4
0.667104 0.995256 5
0.232281 0.615641 13
0.674361 0.095938 5
0.126117 0.444287 4
0.912865 0.413221 4
0.959634 0.009154 5
0.814355 0.917873 5
0.319208 0.819239 7
0.402484 0.358326 2
0.071399 0.011580 5
0.947764 0.698919 3
0.995106 0.213992 7
0.097412 0.535531 6
0.741840 0.148390 7
0.824735 0.684318 10
0.722955 0.233684 2
0.243914 0.538411 5
0.355970 0.085890 4
0.415254 0.921766 7
0.977950 0.076187 5
0.802097 0.832430 5
0.658404 0.099398 4
0.920889 0.927979 9
0.840798 0.484401 3
0.587233 0.825514 8
0.103649 0.073477 10
0.890869 0.776982 4
0.340090 0.543600 8
0.203125 0.194793 7
0.893017 0.821802 1
0.177958 0.044682 7
0.652273 0.163017 8
0.346112 0.744645 6
0.771499 0.871415 10
0.623374 0.052124 4
0.514473 0.368564 7
0.311756 0.014939 2
0.034820 0.924185 7
0.180110 0.248360 2
0.638422 0.214210 11
0.424376 0.218279 4
0.761503 0.574550 6
0.643445 0.630934 3
0.149824 0.449207 9
0.877670 0.467821 1
0.668922 0.649536 5
0.682764 0.816293 7
0.670352 0.566451 5
0.110227 0.955518 3
0.626939 0.214246 4
0.863210 0.343984 6
0.207433 0.442644 13
0.280897 0.368638 2
0.224205 0.574446 6
0.820808 0.936875 8
0.656636 0.764677 6
0.417602 0.175545 9
0.925891 0.715819 4
0.546115 0.128239 10
0.347235 0.404537 9
0.671347 0.439807 6
0.407963 0.652509 9
0.886330 0.687733 9
0.613133 0.358870 4
0.827451 0.278053 5
0.131173 0.131346 3
0.274066 0.928410 7
0.843718 0.474384 3
0.284753 0.370016 9
0.175513 0.336679 6
0.838446 0.596833 4
0.219517 0.296874 3
0.445734 0.838703 3
0.397776 0.984567 9
0.385727 0.289479 7
0.187349 0.452767 8
0.177282 0.049937 10
0.815757 0.241256 8
0.440166 0.157280 10
0.752621 0.360647 10
0.495579 0.838891 7
0.363944 0.649408 4
0.848411 0.197820 2
0.028326 0.759791 2
0.273638 0.825119 2
0.180644 0.698069 6
0.500311 0.443890 10
0.180197 0.786068 4
0.591513 0.282848 9
0.691144 0.824718 10
0.677913 0.688957 3
0.120937 0.292488 2
0.487367 0.299843 4
0.365560 0.262239 8
0.793552 0.190606 9
0.435060 0.193722 7
0.347093 0.688976 7
0.054288 0.283293 4
0.813725 0.489080 7
0.665049 0.689317 5
0.422618 0.243829 2
0.182056 0.281345 9
0.950446 0.548437 2
0.007180 0.009489 4
0.072117 0.416096 8
0.886690 0.104964 2
0.044176 0.369433 4
0.996720 0.602570 3
0.543091 0.010008 1
0.149522 0.553112 6
0.691090 0.019977 5
0.039754 0.729114 13
0.119594 0.216646 2
0.674551 0.122970 10
0.163057 0.382088 8
0.085111 0.457018 4
0.305244 0.053911 4
0.991453 0.145988 1
0.479882 0.150570 7
0.117800 0.562867 7
0.029848 0.153776 7
0.324181 0.783333 2
0.461333 0.679552 2
0.043313 0.333027 5
0.183331 0.371213 6
0.295385 0.747877 8
0.113184 0.178402 4
0.005248 0.784199 8
0.344101 0.423658 9
0.763531 0.691579 4
0.967677 0.714154 10
0.746697 0.094546 6
0.199016 0.195862 3
0.513510 0.622363 8
0.390512 0.647599 10
0.104160 0.192987 6
0.647818 0.716116 6
0.001867 0.485516 8
0.652344 0.098351 10
0.788102 0.659700 2
0.576827 0.048603 8
0.779346 0.022414 4
0.783348 0.719105 10
0.961420 0.668094 9
0.685358 0.845029 5
0.590007 0.515587 7
0.267119 0.517002 8
0.732459 0.259473 6
0.097005 0.894144 6
0.167030 0.558878 8
0.962659 0.354063 3
0.631910 0.384070 7
0.424612 0.428414 8
0.158166 0.234472 9
0.442525 0.932709 8
0.841425 0.305522 7
0.452155 0.679025 8
0.182517 0.421721 9
0.284218 0.588653 7
0.176818 0.204178 10
0.101131 0.914555 9
0.012743 0.375921 12
0.481485 0.823198 3
0.048448 0.300464 5
0.486764 0.030764 4
0.688115 0.849801 7
0.913239 0.644451 2
0.032137 0.506490 12
0.902769 0.515567 6
0.040232 0.848600 5
0.400735 0.359561 6
0.874973 0.574296 9
0.665666 0.258518 7
0.168520 0.411292 5
0.933048 0.283946 4
