n 800
m 1
tmax 15.963783
0.226321 0.142589 7
0.910654 0.754428 1
0.030192 0.527586 11
0.804037 0.521851 9
0.913919 0.552176 9
0.549106 0.248270 5
0.686056 0.540609 8
0.422088 0.885830 8
0.281449 0.800850 13
0.839728 0.742250 0
0.320451 0.189782 6
0.553474 0.790821 8
0.551427 0.495113 1
0.879811 0.776447 2
0.684628 0.193438 0
0.991700 0.641452 1
0.464763 0.391049 5
0.307542 0.156530 8
0.846373 0.358969 10
0.528776 0.115048 6
0.476428 0.371398 2
0.943681 0.073292 6
0.105418 0.663146 4
0.852048 0.566368 7
0.773650 0.729297 9
0.879856 0.603019 10
0.201165 0.203345 6
0.733570 0.929222 10
0.966924 0.437078 8
0.981605 0.246788 10
0.855094 0.503426 6
0.483875 0.226031 0
0.732013 0.483995 10
0.312941 0.941340 13
0.857263 0.924869 7
0.938291 0.858163 1
0.081252 0.902074 5
0.318110 0.733131 9
0.933389 0.177279 8
0.038854 0.562092 10
0.638453 0.613620 7
0.289378 0.537596 1
0.728097 0.735190 3
0.576105 0.166071 8
0.275009 0.601545 1
0.451432 0.673806 2
0.699035 0.120659 0
0.762421 0.010137 5
0.477318 0.746510 8
0.377428 0.395660 4
0.417048 0.278086 1
0.137484 0.049509 7
0.182087 0.441795 4
0.942652 0.729213 3
0.971867 0.990716 5
0.802172 0.336329 3
0.082123 0.436934 6
0.877119 0.819232 4
0.444901 0.642136 4
0.963722 0.468573 9
0.636424 0.030318 4
0.059598 0.614448 3
0.195243 0.900407 11
0.063947 0.284418 4
0.854586 0.894614 6
0.669574 0.369779 9
0.071285 0.103755 6
0.323636 0.656557 9
0.499426 0.227451 5
0.006711 0.304058 2
0.523644 0.670571 2
0.775544 0.094478 3
0.825690 0.382749 9
0.545812 0.121062 4
0.500094 0.711743 10
0.733123 0.963256 1
0.333326 0.497501 10
0.981169 0.238695 9
0.368199 0.549983 2
0.138416 0.953321 12
0.790673 0.169103 10
0.040993 0.551989 7
0.778809 0.690858 6
0.902852 0.584325 7
0.660090 0.054776 1
0.108561 0.157237 9
0.629593 0.792335 6
0.124877 0.465022 3
0.287910 0.895802 9
0.920560 0.265381 6
0.770480 0.278893 5
0.808472 0.265887 6
0.981070 0.367570 3
0.577422 0.844960 4
0.334975 0.256906 5
0.273590 0.519202 7
0.759244 0.028251 0
0.681425 0.038422 2
0.311364 0.521071 8
0.140092 0.895678 11
0.281842 0.497532 7
0.707164 0.985607 8
0.559462 0.933772 1
0.767205 0.890711 2
0.582644 0.262491 6
0.404712 0.510328 0
0.755092 0.772656 3
0.999903 0.072893 5
0.268126 0.939316 11
0.311496 0.955668 8
0.936463 0.941524 2
0.605459 0.241145 6
0.509995 0.721566 9
0.015693 0.568470 9
0.392303 0.168882 3
0.662990 0.098057 5
0.411213 0.637200 2
0.158921 0.423944 10
0.117980 0.649008 3
0.081968 0.266392 8
0.007099 0.482018 10
0.075887 0.271509 7
0.925172 0.148089 8
0.486990 0.968029 2
0.411085 0.597739 3
0.967228 0.335255 1
0.236060 0.607536 6
0.367046 0.721809 4
0.877000 0.042894 4
0.095259 0.748613 8
0.444980 0.985058 5
0.081238 0.360486 7
0.034938 0.295241 9
0.540391 0.801058 6
0.300043 0.292961 5
0.607604 0.478057 9
0.353741 0.625170 8
0.309267 0.519537 7
0.948699 0.639979 7
0.089827 0.874030 13
0.884088 0.447769 10
0.537882 0.442127 7
0.771144 0.689559 3
0.808144 0.621852 9
0.354973 0.994575 8
0.600962 0.195866 8
0.162889 0.503621 12
0.349315 0.776855 6
0.455249 0.696917 6
0.931672 0.192808 9
0.129175 0.413388 3
0.016140 0.135089 7
0.605653 0.888503 5
0.268613 0.568770 9
0.022358 0.000520 9
0.499465 0.197893 6
0.556269 0.045611 13
0.931700 0.536396 8
0.011134 0.141594 2
0.621119 0.678996 1
0.857800 0.493415 4
0.002209 0.611489 3
0.922555 0.829320 8
0.555170 0.382459 5
0.137662 0.576172 6
0.902006 0.897171 4
0.944326 0.989143 1
0.827062 0.548276 3
0.015046 0.373592 7
0.481767 0.770851 1
0.575976 0.899707 7
0.005907 0.775888 1
0.477688 0.539144 0
0.499460 0.559894 10
0.217048 0.901653 5
0.777517 0.798783 8
0.293436 0.097548 1
0.722134 0.180761 3
0.339835 0.041850 3
0.769418 0.177392 9
0.196272 0.945050 13
0.398376 0.089647 10
0.385719 0.304127 4
0.373072 0.955308 3
0.645323 0.021309 3
0.680852 0.205787 10
0.661511 0.861947 10
0.421452 0.740985 9
0.878401 0.574431 3
0.181000 0.116428 9
0.140335 0.787049 6
0.912624 0.692774 6
0.633389 0.910432 4
0.355032 0.980115 9
0.736179 0.791616 7
0.203301 0.214493 6
0.571595 0.094922 5
0.229874 0.165022 6
0.074423 0.299121 10
0.650971 0.771166 2
0.761113 0.741063 5
0.009527 0.428698 4
0.456490 0.860140 9
0.698055 0.124296 0
0.112207 0.431555 1
0.377465 0.422808 10
0.383870 0.203721 8
0.800774 0.129855 8
0.379167 0.105169 5
0.044037 0.755639 7
0.206343 0.813525 5
0.763895 0.129853 0
0.811762 0.037197 8
0.174126 0.795110 8
0.407181 0.428937 7
0.216748 0.231782 0
0.968819 0.908055 10
0.010554 0.416905 3
0.532637 0.506512 3
0.823100 0.923478 0
0.373255 0.824068 6
0.465913 0.124594 6
0.688537 0.075158 1
0.966102 0.935382 5
0.258886 0.753085 0
0.919317 0.271347 10
0.375955 0.765204 4
0.058677 0.285405 2
0.065957 0.524584 8
0.339764 0.168051 4
0.141957 0.954311 13
0.564759 0.796182 8
0.816358 0.790798 4
0.247819 0.263525 5
0.628773 0.519475 0
0.517318 0.801937 1
0.961526 0.221308 3
0.299067 0.383603 12
0.259776 0.919382 9
0.831236 0.119668 9
0.435641 0.003408 12
0.055039 0.115365 1
0.945823 0.973136 4
0.537621 0.464108 7
0.777664 0.123937 4
0.471573 0.786854 1
0.495188 0.035236 10
0.648926 0.823831 8
0.519404 0.114980 4
0.225455 0.067165 8
0.863315 0.665249 3
0.182176 0.322871 10
0.392280 0.636012 8
0.848749 0.025788 3
0.703009 0.005757 3
0.797757 0.013252 5
0.731482 0.000535 6
0.687647 0.621006 8
0.301618 0.816932 9
0.235328 0.000449 1
0.973222 0.447254 9
0.815235 0.388988 5
0.715040 0.734736 7
0.223055 0.265273 4
0.850954 0.339983 2
0.492450 0.639310 5
0.388517 0.487309 9
0.230388 0.478999 6
0.997418 0.235346 2
0.109275 0.737506 1
0.571810 0.714072 9
0.513072 0.101308 12
0.768609 0.929710 3
0.226031 0.807235 12
0.122420 0.089596 5
0.509016 0.260793 4
0.394224 0.594140 5
0.263794 0.486730 10
0.003265 0.541385 4
0.850822 0.847117 8
0.261988 0.323796 8
0.098070 0.485405 13
0.492040 0.467813 9
0.071136 0.523364 12
0.447318 0.916052 7
0.857718 0.505062 10
0.296724 0.969130 10
0.181736 0.005881 2
0.938750 0.913993 1
0.569435 0.863953 8
0.962360 0.893114 3
0.286492 0.578352 1
0.296360 0.940065 8
0.169227 0.525959 3
0.805584 0.299250 5
0.254750 0.543553 7
0.951303 0.441148 9
0.595130 0.257812 5
0.514404 0.057072 9
0.872719 0.911890 10
0.474013 0.749477 6
0.793021 0.409232 10
0.303661 0.921508 11
0.088559 0.870703 10
0.388341 0.165992 8
0.572301 0.609500 2
0.696466 0.267800 7
0.311735 0.598992 10
0.948293 0.961843 10
0.989720 0.600204 4
0.219818 0.224945 8
0.604247 0.327010 6
0.854170 0.809718 8
0.106244 0.552303 6
0.638411 0.757728 7
0.187503 0.475417 12
0.991493 0.056324 7
0.999215 0.146833 8
0.288080 0.062782 0
0.709754 0.779407 6
0.300124 0.384303 3
0.634954 0.328446 10
0.002558 0.311113 3
0.445690 0.208892 4
0.840318 0.256289 9
0.854182 0.651864 0
0.939992 0.859386 6
0.862755 0.557282 8
0.256068 0.058164 2
0.881736 0.061696 3
0.253916 0.573042 8
0.040911 0.137667 10
0.350575 0.518702 13
0.958878 0.070763 5
0.968360 0.169364 7
0.121802 0.804620 1
0.326317 0.850024 11
0.107739 0.790270 3
0.062193 0.452522 7
0.758056 0.600513 5
0.241449 0.916478 5
0.690203 0.641670 1
0.005074 0.822415 6
0.123977 0.728931 9
0.982452 0.774375 8
0.007596 0.295564 0
0.143959 0.753267 2
0.030123 0.110074 4
0.441997 0.473585 4
0.571371 0.466070 9
0.845602 0.231464 1
0.817793 0.963802 5
0.574807 0.732722 7
0.717165 0.100434 10
0.620995 0.677201 1
0.359760 0.654299 6
0.446472 0.197990 0
0.124736 0.708993 6
0.685984 0.435528 7
0.043638 0.337047 8
0.908964 0.993307 6
0.622591 0.013290 3
0.305785 0.550336 10
0.777243 0.025509 4
0.457528 0.855943 0
0.928386 0.108921 2
0.566534 0.276667 3
0.723737 0.536303 9
0.420347 0.614413 7
0.375525 0.875208 4
0.683623 0.922396 5
0.919977 0.330545 2
0.956548 0.111184 10
0.321644 0.229003 6
0.382897 0.739474 10
0.505238 0.325698 10
0.031206 0.993369 8
0.143082 0.452242 6
0.522593 0.870872 4
0.759248 0.972038 2
0.741210 0.492925 8
0.543383 0.859663 2
0.331377 0.069049 10
0.984029 0.644618 6
0.389446 0.427406 7
0.807626 0.856244 2
0.241618 0.887653 5
0.748871 0.751483 10
0.534420 0.126908 10
0.242814 0.559932 3
0.773524 0.792014 7
0.739983 0.561686 6
0.897724 0.678925 7
0.597499 0.984118 6
0.061628 0.481992 12
0.813812 0.728268 10
0.372546 0.416192 10
0.870366 0.936646 2
0.760062 0.013805 3
0.409838 0.699726 4
0.801760 0.911069 9
0.654310 0.016083 6
0.449412 0.944416 0
0.970804 0.674732 0
0.040519 0.252975 3
0.053546 0.365161 1
0.102363 0.543868 12
0.342924 0.812662 6
0.373527 0.048809 6
0.339331 0.576723 8
0.283953 0.526698 3
0.522000 0.930311 10
0.517966 0.231874 2
0.394392 0.916922 7
0.454962 0.735352 0
0.489210 0.732877 8
0.510133 0.727652 7
0.210356 0.669899 4
0.005071 0.938300 5
0.473375 0.191476 3
0.512680 0.441839 3
0.980139 0.405184 9
0.823889 0.877119 0
0.005614 0.704349 12
0.765453 0.228044 7
0.102733 0.543405 9
0.986710 0.599157 3
0.419121 0.950484 0
0.387816 0.850618 6
0.476678 0.069922 4
0.657650 0.154104 6
0.628794 0.772492 4
0.149633 0.592171 10
0.273132 0.720753 3
0.858507 0.222690 2
0.587933 0.413141 2
0.721298 0.973394 5
0.982995 0.448245 1
0.731954 0.599755 6
0.254672 0.110881 7
0.964335 0.724460 0
0.240717 0.102218 5
0.780489 0.037660 2
0.546964 0.444428 4
0.292678 0.743638 0
0.321190 0.240661 4
0.259957 0.437070 8
0.558419 0.603990 9
0.410708 0.412624 4
0.246967 0.600140 8
0.316172 0.967408 13
0.124589 0.497505 9
0.079617 0.587151 5
0.775188 0.606473 9
0.656184 0.551293 7
0.873437 0.642297 6
0.825993 0.663887 2
0.480611 0.429967 3
0.645370 0.317734 8
0.563916 0.228910 2
0.646726 0.259431 1
0.589017 0.834807 1
0.296449 0.961997 10
0.385904 0.768759 0
0.878093 0.013945 3
0.087283 0.043395 8
0.526923 0.821308 6
0.433168 0.170265 4
0.002573 0.712855 13
0.631999 0.988173 6
0.841264 0.581317 9
0.440807 0.424147 6
0.479021 0.230491 9
0.841343 0.170464 2
0.889520 0.656084 6
0.133740 0.617148 7
0.841286 0.365970 10
0.651172 0.288687 0
0.348258 0.267462 10
0.120180 0.694863 11
0.039185 0.216987 8
0.286214 0.494128 5
0.152025 0.408058 8
0.572866 0.510442 9
0.099305 0.098595 4
0.895962 0.373568 7
0.554338 0.681207 5
0.700426 0.054066 4
0.342730 0.772691 9
0.714116 0.274389 6
0.514475 0.294398 10
0.875921 0.488994 4
0.850801 0.651603 3
0.917367 0.535372 0
0.582694 0.813213 9
0.345433 0.433979 12
0.542758 0.807874 1
0.063755 0.027422 0
0.903589 0.268293 4
0.628372 0.773913 10
0.068266 0.418612 4
0.748524 0.898547 8
0.109468 0.809494 0
0.417174 0.007641 6
0.681029 0.587686 7
0.719132 0.631026 4
0.875427 0.557786 3
0.816902 0.135049 7
0.771299 0.711634 5
0.808842 0.596113 4
0.549861 0.362006 1
0.508671 0.673384 1
0.787271 0.822025 3
0.093232 0.221611 8
0.725473 0.986400 10
0.839273 0.675242 4
0.381681 0.672694 6
0.799030 0.009253 2
0.964189 0.472054 1
0.250865 0.016551 2
0.631961 0.491162 3
0.738689 0.975658 10
0.211147 0.748100 6
0.223806 0.693533 2
0.060180 0.287286 1
0.365326 0.722651 10
0.077010 0.639803 6
0.308247 0.357725 4
0.517587 0.580616 8
0.614296 0.454080 5
0.730066 0.343977 6
0.398875 0.490630 10
0.088623 0.202875 3
0.938094 0.800623 3
0.764062 0.087495 7
0.855935 0.678504 6
0.084518 0.278666 5
0.359543 0.336669 6
0.838645 0.001792 7
0.698938 0.344502 0
0.296504 0.904584 11
0.884334 0.439264 6
0.896029 0.344250 6
0.348562 0.073253 13
0.544931 0.342919 5
0.405837 0.781783 5
0.476086 0.252599 10
0.039715 0.219090 7
0.179092 0.440461 8
0.817906 0.123278 5
0.872248 0.742401 2
0.241114 0.394145 5
0.805836 0.189235 3
0.541118 0.191613 4
0.256731 0.262208 6
0.257867 0.179654 3
0.880667 0.827755 2
0.015802 0.566580 10
0.226832 0.305478 10
0.203169 0.669412 6
0.719901 0.333800 1
0.246876 0.544180 3
0.142655 0.104511 7
0.861902 0.493442 0
0.616439 0.036330 4
0.640332 0.873610 8
0.720632 0.459408 10
0.229542 0.921199 7
0.516092 0.224748 7
0.681520 0.262147 9
0.692977 0.914340 10
0.621394 0.181058 7
0.458514 0.026264 11
0.356665 0.971767 10
0.711911 0.131217 4
0.145812 0.963631 9
0.942969 0.891585 8
0.437017 0.039287 6
0.608731 0.296357 0
0.660189 0.906761 3
0.384662 0.399297 4
0.295014 0.184511 5
0.143231 0.059883 3
0.350054 0.033697 11
0.689944 0.039006 5
0.288477 0.067370 10
0.889472 0.650045 4
0.282388 0.264311 3
0.936107 0.046124 0
0.058812 0.624641 12
0.185034 0.423528 12
0.563893 0.690745 10
0.569199 0.188368 0
0.386147 0.911951 5
0.560637 0.031756 3
0.685018 0.701487 0
0.647790 0.039500 6
0.812288 0.156021 8
0.287643 0.261813 8
0.063423 0.782096 4
0.754063 0.295249 2
0.007006 0.761837 5
0.197715 0.065770 2
0.974278 0.487831 2
0.180274 0.163884 2
0.156885 0.043686 6
0.284048 0.395637 4
0.765583 0.690275 2
0.498740 0.699111 2
0.733294 0.619995 6
0.106914 0.828045 9
0.897867 0.340451 0
0.856543 0.521443 5
0.877093 0.877882 4
0.175691 0.349110 8
0.374420 0.701850 9
0.544049 0.294158 9
0.698136 0.533780 1
0.239919 0.266812 4
0.522054 0.617562 1
0.589109 0.867286 7
0.919148 0.321868 7
0.668457 0.630521 4
0.307991 0.157261 8
0.918486 0.243241 1
0.355575 0.508025 11
0.617902 0.286538 6
0.846249 0.728710 0
0.079847 0.710104 11
0.138003 0.951638 13
0.108810 0.670287 9
0.183196 0.955879 11
0.379809 0.151397 2
0.917650 0.658654 0
0.207181 0.370822 8
0.901886 0.030306 1
0.115888 0.818184 3
0.159862 0.186901 3
0.880811 0.718648 3
0.409486 0.631618 4
0.907072 0.317590 10
0.876017 0.855880 2
0.301175 0.403690 3
0.617923 0.613363 6
0.572138 0.872488 4
0.877064 0.713484 5
0.505854 0.853012 6
0.835059 0.198530 9
0.465028 0.837111 9
0.163929 0.749431 3
0.138694 0.286198 3
0.748044 0.817475 0
0.199713 0.068793 7
0.954971 0.105013 0
0.974192 0.839373 3
0.324798 0.522287 5
0.092050 0.391208 5
0.336661 0.528391 5
0.992614 0.765846 10
0.419455 0.986146 10
0.796125 0.122151 6
0.398766 0.827651 7
0.650851 0.368016 10
0.306970 0.421622 4
0.533041 0.135015 7
0.209593 0.783771 9
0.682573 0.907454 5
0.355497 0.230319 2
0.507601 0.444987 1
0.993726 0.894209 8
0.885147 0.677724 2
0.975996 0.689357 8
0.245812 0.069920 8
0.867182 0.274318 6
0.552420 0.240712 9
0.615893 0.767354 4
0.025371 0.431106 4
0.096549 0.931166 9
0.354551 0.513924 7
0.655192 0.603203 4
0.769966 0.507871 10
0.292017 0.952235 10
0.289047 0.472409 10
0.785843 0.628890 7
0.596586 0.144605 0
0.599759 0.663764 9
0.398032 0.638005 1
0.924917 0.618352 7
0.865189 0.404846 1
0.712915 0.178213 1
0.213242 0.925914 13
0.485265 0.462849 4
0.630736 0.364427 9
0.882693 0.203608 0
0.487542 0.446836 6
0.598381 0.839353 10
0.830047 0.130997 5
0.565801 0.617253 9
0.388039 0.538684 0
0.882622 0.107136 2
0.328943 0.707686 5
0.539948 0.851178 6
0.868792 0.714551 2
0.661141 0.925012 0
0.954322 0.448591 6
0.246991 0.233974 4
0.506451 0.722226 4
0.204994 0.004697 7
0.000700 0.894532 5
0.531668 0.761666 8
0.649551 0.180885 10
0.491113 0.520756 5
0.532420 0.310795 10
0.171747 0.498723 11
0.159282 0.728258 5
0.798566 0.003405 6
0.550294 0.900816 4
0.747609 0.518399 3
0.830172 0.325674 6
0.919140 0.450892 5
0.572925 0.765502 4
0.361564 0.106994 9
0.946053 0.270236 1
0.123645 0.055171 9
0.738138 0.338892 6
0.427816 0.741458 0
0.175125 0.348292 10
0.417300 0.053178 12
0.477065 0.775643 1
0.955526 0.764928 3
0.133822 0.166353 7
0.100083 0.326545 6
0.513095 0.486460 1
0.448207 0.304538 10
0.391696 0.800994 2
0.437873 0.534854 7
0.519430 0.174689 1
0.818793 0.588043 9
0.612021 0.765292 0
0.093604 0.312345 2
0.853896 0.462966 5
0.370815 0.232783 4
0.905562 0.570011 8
0.799840 0.783271 4
0.904480 0.782832 1
0.592895 0.614419 7
0.005739 0.099705 4
0.462232 0.788781 4
0.628964 0.195748 7
0.987046 0.050724 10
0.705416 0.420085 0
0.214071 0.382832 6
0.498904 0.968080 10
0.794560 0.195066 3
0.103350 0.335594 6
0.623219 0.008838 9
0.245010 0.779493 5
0.757067 0.493357 0
0.788268 0.977957 2
0.974952 0.132364 2
0.220866 0.710417 4
0.479506 0.697293 10
0.878218 0.614103 1
0.487802 0.584559 2
0.894940 0.058534 4
0.750685 0.864325 4
0.751738 0.494205 4
0.779932 0.209397 4
0.373203 0.733953 2
0.228315 0.982305 3
0.523478 0.233335 6
0.740334 0.531858 8
0.688199 0.848800 5
0.172285 0.799931 4
0.709521 0.037376 6
0.674728 0.979343 6
0.347462 0.305592 4
0.085789 0.220676 3
0.896411 0.121734 2
0.079730 0.999011 9
0.333640 0.596079 1
0.890479 0.990809 10
0.964047 0.657000 6
0.152243 0.273561 0
0.394351 0.706151 2
0.226831 0.204806 6
0.514923 0.725602 9
0.790109 0.276744 8
0.380494 0.573424 7
0.363799 0.831803 4
0.289917 0.688985 3
0.688161 0.658240 10
0.711151 0.882598 10
0.017660 0.541811 9
0.571534 0.024776 8
0.868602 0.455269 0
0.935716 0.533184 7
0.101571 0.991159 12
0.790760 0.478820 9
0.460400 0.029052 3
