n 250
m 1
tmax 4.111793
0.697896 0.769326 5
0.135038 0.701274 9
0.575883 0.827519 5
0.254751 0.162430 1
0.174300 0.721055 9
0.171047 0.861320 4
0.179701 0.983810 5
0.658967 0.831485 5
0.085776 0.914357 2
0.744076 0.940897 0
0.936247 0.893685 8
0.480822 0.778031 4
0.725863 0.692019 2
0.000000 0.606360 4
0.702133 0.872823 1
0.336133 0.201280 0
0.127987 0.629637 8
0.237515 0.900856 8
0.188469 0.917728 0
0.702412 0.917164 2
0.000933 0.860126 2
0.939595 0.833349 7
0.928997 0.936225 5
0.502895 0.699083 3
0.583163 0.591855 4
0.094653 0.705257 4
0.716066 0.813598 0
0.242410 0.261429 3
0.204944 0.652508 8
0.288692 0.772984 7
0.213982 1.000000 0
0.851889 0.997306 7
0.026365 0.946167 3
0.838251 0.881469 4
0.871206 0.913364 8
0.490909 0.719194 5
0.657251 0.638945 4
0.013032 0.562824 8
0.690222 0.865634 2
0.194883 0.194739 2
0.137449 0.678150 7
0.191553 0.920034 4
0.274934 0.910131 4
0.604756 0.915880 0
0.063783 0.891193 4
0.944806 0.919128 4
0.916273 0.899046 4
0.484018 0.775880 3
0.740009 0.648363 1
0.120149 0.682935 6
0.725563 0.866976 5
0.149896 0.229903 2
0.202766 0.645639 4
0.258997 0.831023 9
0.033880 1.000000 0
0.668844 0.912056 3
0.000000 0.926440 2
0.914246 0.912677 9
0.722098 0.868824 3
0.428380 0.733185 9
0.519957 0.634571 1
0.002267 0.607036 9
0.805650 0.821402 0
0.167655 0.025038 1
0.130661 0.688008 6
0.236770 0.794559 8
0.200421 0.939130 0
0.745499 0.949844 5
0.000000 0.965949 4
0.892046 0.865557 5
0.926604 0.879025 7
0.553172 0.740563 2
0.668148 0.564699 5
0.000000 0.703745 8
0.694887 0.738768 3
0.227026 0.155074 0
0.000000 0.604323 5
0.142882 0.780648 8
0.160012 1.000000 2
0.673923 1.000000 0
0.003155 0.975426 3
0.833518 0.835605 8
0.965928 0.829713 4
0.547950 0.809635 5
0.607510 0.620206 3
0.000000 0.717195 5
0.679802 0.885436 4
0.279593 0.190259 2
0.132965 0.708363 4
0.153257 0.872986 0
0.279855 0.967760 5
0.570883 0.988033 4
0.000000 0.937945 5
1.000000 0.882267 9
0.953118 0.917588 6
0.498210 0.843355 1
0.645390 0.497599 0
0.033728 0.757880 6
0.742759 0.789553 4
0.245503 0.040218 1
0.202881 0.652061 7
0.156118 0.778980 4
0.127701 1.000000 2
0.694147 0.930899 4
0.000000 0.915179 5
0.904958 0.919568 4
0.887397 0.931395 5
0.488583 0.690458 5
0.725149 0.626159 3
0.058216 0.637617 8
0.701733 0.806206 5
0.207233 0.213049 5
0.092801 0.585653 6
0.133188 0.779731 0
0.290273 1.000000 2
0.533654 0.979630 4
0.000000 0.828176 0
0.961526 0.854912 5
0.792644 0.901742 4
0.454156 0.726238 3
0.610237 0.613816 5
0.000000 0.815311 1
0.685810 0.925417 4
0.284114 0.083392 4
0.116037 0.602090 5
0.167326 0.854496 9
0.116773 0.932024 4
0.769725 0.991122 0
0.035314 0.963704 1
0.909152 0.973933 4
0.959958 0.846630 4
0.496429 0.872141 0
0.714284 0.592153 2
0.123412 0.701970 4
0.680331 0.815474 5
0.221926 0.333346 0
0.163232 0.650982 5
0.211707 0.833427 5
0.134791 0.953933 0
0.676407 0.910607 2
0.015332 0.901909 4
0.951632 0.922219 8
0.830525 0.785479 5
0.445314 0.675508 5
0.689578 0.565546 3
0.045204 0.557041 5
0.772209 0.884665 4
0.382747 0.085204 0
0.151482 0.732244 9
0.207409 0.781560 6
0.172517 1.000000 5
0.619528 0.993297 4
0.000463 0.969697 4
0.878641 1.000000 6
0.884095 0.879543 6
0.517016 0.791951 3
0.714710 0.629791 3
0.048920 0.759665 5
0.754841 0.819971 5
0.228339 0.184889 2
0.113369 0.732797 5
0.261163 0.783732 7
0.159032 1.000000 1
0.690832 0.858853 0
0.083897 0.888303 1
0.856425 0.926802 4
0.881647 0.845671 7
0.357843 0.797602 7
0.654450 0.552744 3
0.031191 0.716478 7
0.723193 0.751909 4
0.292962 0.233151 1
0.132123 0.527614 4
0.331625 0.751878 9
0.088739 1.000000 1
0.611123 0.920040 4
0.038044 1.000000 3
1.000000 0.865164 4
0.862888 0.900125 4
0.512020 0.869317 2
0.646863 0.651616 1
0.134159 0.797286 2
0.744739 0.963752 5
0.198180 0.244031 0
0.115731 0.540800 8
0.131909 0.826719 0
0.186340 0.987757 1
0.734904 0.932250 5
0.057745 0.923998 4
0.787230 0.911334 1
0.894435 1.000000 4
0.514939 0.720579 4
0.620878 0.684360 5
0.024049 0.674412 7
0.659806 0.863067 4
0.265862 0.176795 4
0.224862 0.670043 7
0.212718 0.859695 8
0.115925 0.959732 2
0.624415 0.878162 0
0.001543 1.000000 3
1.000000 0.861488 9
0.929209 0.974723 9
0.441590 0.763026 0
0.646075 0.620099 3
0.000000 0.618238 5
0.760363 0.958254 0
0.142782 0.122054 2
0.081549 0.676615 6
0.175625 0.787388 7
0.144776 1.000000 1
0.708323 0.977018 5
0.024882 0.997266 4
0.933798 0.932799 9
0.837148 0.896976 7
0.448040 0.799936 0
0.634394 0.742421 0
0.019856 0.601609 7
0.672785 0.819491 0
0.254412 0.298146 4
0.060158 0.589317 7
0.165229 0.877050 3
0.248138 0.935684 3
0.749361 0.912956 2
0.000000 0.886704 4
0.969877 0.995410 9
0.901309 0.891183 5
0.505075 0.738702 5
0.505099 0.609692 0
0.036579 0.691501 7
0.734786 0.816786 4
0.219696 0.208488 1
0.120085 0.700697 6
0.170101 0.779017 9
0.117469 1.000000 0
0.592483 0.920430 4
0.000000 0.938327 1
0.989416 0.989013 5
0.831630 0.906054 5
0.496076 0.868534 0
0.695941 0.637701 4
0.131969 0.689076 9
0.701280 0.919446 5
0.286283 0.052819 3
0.075708 0.549892 4
0.234530 0.827180 4
0.187740 1.000000 1
0.676784 0.934810 2
0.000000 0.871087 1
0.890007 0.890885 9
