n 800
m 1
tmax 14.531856
0.625432 0.927793 5
0.633436 0.826101 9
0.908706 0.566254 7
0.004406 0.549942 1
0.818045 0.956735 3
0.423907 0.795353 10
0.137020 0.776190 9
0.509217 0.851354 6
0.610446 0.075990 8
0.479473 0.384471 8
0.893843 0.531649 5
0.075751 0.821487 10
0.978033 0.404443 2
0.172830 0.907277 9
0.159371 0.416504 2
0.964167 0.694879 9
0.301561 0.308496 1
0.390577 0.624435 1
0.710148 0.974227 5
0.721571 0.324175 6
0.616811 0.032862 5
0.902102 0.111113 8
0.663470 0.946065 5
0.788282 0.859663 10
0.706862 0.465123 7
0.969131 0.698887 8
0.202353 0.803191 5
0.801679 0.894110 5
0.763524 0.525972 4
0.890296 0.824699 6
0.560650 0.981067 10
0.450783 0.449067 9
0.028473 0.159655 1
0.981810 0.719509 10
0.458245 0.499409 7
0.136009 0.273347 3
0.166032 0.934268 4
0.032807 0.420017 3
0.785859 0.463848 3
0.286090 0.216736 1
0.859625 0.698743 4
0.993443 0.389314 2
0.559476 0.559934 2
0.312809 0.254597 1
0.267933 0.068034 6
0.171412 0.958752 7
0.819290 0.395696 1
0.596918 0.864533 3
0.649575 0.835975 2
0.277643 0.340064 10
0.298162 0.409889 6
0.486264 0.744672 4
0.335641 0.207981 1
0.063305 0.445855 4
0.807245 0.828512 5
0.385002 0.447380 6
0.254198 0.904402 1
0.248170 0.458555 8
0.673992 0.135890 8
0.996480 0.821847 7
0.250887 0.676799 4
0.633063 0.888648 10
0.897388 0.671517 2
0.713660 0.114788 6
0.895676 0.633231 7
0.660831 0.048085 3
0.119457 0.667109 7
0.042711 0.703762 7
0.771151 0.107131 8
0.428439 0.419725 8
0.215161 0.345687 3
0.810330 0.589474 2
0.533211 0.071828 6
0.971655 0.079000 9
0.150813 0.953473 5
0.610685 0.699776 2
0.018031 0.229793 3
0.043446 0.381825 9
0.014269 0.705788 9
0.526299 0.168066 6
0.921197 0.672417 3
0.645107 0.212674 7
0.081576 0.199135 7
0.280249 0.653028 3
0.077705 0.992733 2
0.511764 0.335412 5
0.521479 0.436361 1
0.212459 0.774015 1
0.625292 0.727912 4
0.295094 0.760092 5
0.494615 0.602326 6
0.227236 0.735418 10
0.918012 0.032299 3
0.812822 0.497906 7
0.792129 0.923492 3
0.436019 0.985706 5
0.516620 0.142754 5
0.523960 0.709590 5
0.646121 0.952496 9
0.955223 0.856296 7
0.336581 0.929371 2
0.723214 0.445388 9
0.784458 0.055201 1
0.368428 0.920533 9
0.638602 0.782864 10
0.024269 0.603674 4
0.623957 0.630456 2
0.182690 0.332591 5
0.523523 0.831776 4
0.727401 0.851285 4
0.578867 0.947536 5
0.575756 0.038367 2
0.378480 0.568572 1
0.749119 0.299200 8
0.806637 0.106600 9
0.237577 0.402061 9
0.317869 0.244197 3
0.491425 0.652400 4
0.784707 0.463544 2
0.590138 0.531405 10
0.709108 0.570345 8
0.314123 0.722735 5
0.736803 0.897924 4
0.928416 0.045072 1
0.826283 0.666873 2
0.149458 0.606059 1
0.579408 0.920737 7
0.911720 0.675909 2
0.838350 0.650405 6
0.196881 0.484867 8
0.064760 0.138093 7
0.309862 0.151712 4
0.582877 0.858114 6
0.341401 0.038825 3
0.033666 0.566987 10
0.053312 0.448220 1
0.975858 0.903092 6
0.253376 0.255192 3
0.362118 0.694983 2
0.839674 0.469246 5
0.065017 0.785713 7
0.103147 0.839572 1
0.894203 0.156772 3
0.547935 0.265436 2
0.398786 0.583735 1
0.925707 0.675686 10
0.854343 0.212383 1
0.989578 0.311757 2
0.586946 0.446200 9
0.823070 0.821052 3
0.679728 0.792444 8
0.577067 0.602554 3
0.069604 0.475538 10
0.568306 0.041466 9
0.128613 0.581148 4
0.765669 0.338691 7
0.768277 0.580111 8
0.957552 0.718665 9
0.646819 0.256708 10
0.302235 0.152526 5
0.268279 0.398781 4
0.863742 0.121942 2
0.299283 0.548422 1
0.840646 0.599521 9
0.887740 0.955609 1
0.477395 0.528903 6
0.754522 0.258317 1
0.477918 0.897551 7
0.494827 0.999302 10
0.884796 0.060036 10
0.682739 0.317344 1
0.909156 0.059526 6
0.795107 0.920509 7
0.357494 0.795500 4
0.159530 0.454932 9
0.244018 0.486713 5
0.639938 0.502144 2
0.604169 0.485088 8
0.936148 0.980223 10
0.720217 0.458427 9
0.170865 0.964021 3
0.368744 0.426692 9
0.280539 0.552524 2
0.232024 0.101872 4
0.549132 0.225414 6
0.663090 0.837729 9
0.001984 0.769587 2
0.127588 0.535636 1
0.275102 0.049762 1
0.617053 0.534857 6
0.317627 0.568305 2
0.100930 0.939124 10
0.015364 0.384647 5
0.343947 0.991022 6
0.904790 0.468567 4
0.180377 0.935389 3
0.282587 0.931761 5
0.333014 0.194123 7
0.689959 0.470861 3
0.460786 0.178812 3
0.004632 0.206541 9
0.020900 0.678516 7
0.747525 0.152991 4
0.849966 0.521839 7
0.971242 0.928956 6
0.381475 0.291731 1
0.639845 0.270992 7
0.520628 0.729847 9
0.797349 0.711452 8
0.163190 0.550139 4
0.455940 0.029483 7
0.877193 0.950839 8
0.742429 0.163370 3
0.522349 0.482325 2
0.322053 0.649524 2
0.762716 0.953221 7
0.466442 0.342622 6
0.312321 0.178518 1
0.274792 0.197561 2
0.160071 0.396105 7
0.260189 0.736276 10
0.465071 0.470540 3
0.892517 0.250008 7
0.829997 0.072771 5
0.624093 0.081533 6
0.158499 0.222267 3
0.686080 0.412735 8
0.887710 0.629075 5
0.109739 0.525544 4
0.314234 0.792719 1
0.648664 0.734811 7
0.268072 0.660191 7
0.889521 0.617286 10
0.912951 0.651591 10
0.712145 0.228435 1
0.407573 0.818389 6
0.154995 0.602076 3
0.518636 0.317890 5
0.925924 0.110431 5
0.215313 0.552515 7
0.797978 0.091885 9
0.424792 0.538047 10
0.103382 0.582005 4
0.324170 0.137593 2
0.666446 0.963280 10
0.650690 0.299645 10
0.125929 0.264572 6
0.681078 0.705528 5
0.594564 0.894096 10
0.992997 0.213681 2
0.012300 0.176630 8
0.946619 0.706233 9
0.751279 0.498878 10
0.269642 0.617568 4
0.183318 0.613453 9
0.787356 0.870530 4
0.696801 0.196283 5
0.036100 0.999542 9
0.325234 0.756096 4
0.679326 0.013281 3
0.181995 0.797052 3
0.297266 0.747717 4
0.056210 0.701612 1
0.008667 0.408019 1
0.039701 0.511677 10
0.772550 0.747592 4
0.582468 0.659441 1
0.847957 0.164221 8
0.381483 0.305254 9
0.171067 0.243693 8
0.050963 0.694828 6
0.156101 0.910403 8
0.965704 0.396588 9
0.432753 0.862659 9
0.260603 0.680776 1
0.652515 0.213824 3
0.418144 0.379891 5
0.550712 0.391598 2
0.432197 0.550911 7
0.149823 0.832082 9
0.317513 0.100675 6
0.113562 0.840629 7
0.631070 0.710670 9
0.802187 0.860223 1
0.227722 0.107976 4
0.533929 0.176457 1
0.927186 0.562572 4
0.043945 0.607877 5
0.519789 0.172861 4
0.239715 0.927077 2
0.263872 0.541447 2
0.597839 0.878188 6
0.105721 0.583025 2
0.026836 0.558239 5
0.577565 0.397247 9
0.263927 0.220975 8
0.215526 0.736397 9
0.473149 0.472749 8
0.035082 0.872949 4
0.597032 0.313952 8
0.501392 0.609368 1
0.268746 0.759701 8
0.689063 0.519285 10
0.497386 0.278514 9
0.253770 0.465551 6
0.628998 0.714453 9
0.508807 0.502860 6
0.115754 0.788959 3
0.550652 0.011973 7
0.874904 0.213418 1
0.034279 0.362008 3
0.278387 0.665721 8
0.300074 0.296732 4
0.700458 0.915070 3
0.606188 0.887046 8
0.133305 0.362761 9
0.829577 0.154128 6
0.566246 0.925228 9
0.133841 0.138693 9
0.428324 0.562537 5
0.015447 0.811080 4
0.942773 0.567301 4
0.960673 0.096382 4
0.831266 0.540830 1
0.727076 0.516537 4
0.468531 0.304112 5
0.952126 0.532064 5
0.460717 0.176003 6
0.583032 0.466758 1
0.088911 0.115877 9
0.714532 0.165543 8
0.949745 0.426293 3
0.103183 0.902256 7
0.280316 0.419841 10
0.057661 0.485142 8
0.487304 0.762703 7
0.525749 0.980271 1
0.365965 0.622543 8
0.989972 0.935797 4
0.816025 0.038282 1
0.522817 0.092583 2
0.928501 0.911025 6
0.811643 0.153333 4
0.400091 0.262395 7
0.406830 0.026733 3
0.899513 0.338939 5
0.585616 0.087689 7
0.348599 0.137620 2
0.662683 0.604375 6
0.898367 0.320446 5
0.874327 0.195887 9
0.784323 0.150245 6
0.695956 0.871084 6
0.049448 0.570125 6
0.222617 0.240616 5
0.007329 0.999355 5
0.054895 0.854837 6
0.748814 0.218459 3
0.354255 0.756832 9
0.240589 0.958652 2
0.190387 0.944969 7
0.266491 0.747900 4
0.485035 0.693122 6
0.499782 0.164856 5
0.915054 0.773430 1
0.042682 0.185747 2
0.409560 0.235424 6
0.514957 0.190333 10
0.079758 0.685592 3
0.631148 0.456490 2
0.609700 0.460777 1
0.451449 0.945993 7
0.472174 0.521115 7
0.952945 0.152189 8
0.792766 0.301857 2
0.423382 0.081597 6
0.520508 0.256387 4
0.485153 0.299877 9
0.090520 0.023607 9
0.474876 0.688388 8
0.924782 0.128785 5
0.669269 0.057298 10
0.732500 0.641064 5
0.664634 0.449147 4
0.010383 0.795389 10
0.085542 0.851924 2
0.719316 0.177432 4
0.299521 0.488312 8
0.147611 0.817578 4
0.743600 0.030724 3
0.281331 0.496070 5
0.678507 0.740034 4
0.817540 0.166320 5
0.767036 0.704314 9
0.143604 0.766751 9
0.187995 0.572845 10
0.595440 0.637413 5
0.430086 0.656780 10
0.036954 0.110738 6
0.345316 0.982522 3
0.366719 0.923119 1
0.521089 0.788927 2
0.778152 0.961186 8
0.525668 0.295062 7
0.038076 0.271883 7
0.953287 0.108310 6
0.604030 0.060350 9
0.641712 0.908741 4
0.687728 0.047508 1
0.330554 0.893446 3
0.959177 0.639263 5
0.173988 0.171844 3
0.113933 0.975669 2
0.373979 0.902339 10
0.374837 0.365544 7
0.383876 0.876803 8
0.778971 0.314470 6
0.125629 0.516358 5
0.832766 0.140561 7
0.569966 0.232199 9
0.463713 0.428576 4
0.804035 0.165998 9
0.249014 0.222148 10
0.397996 0.458071 4
0.890446 0.972688 4
0.895892 0.943053 8
0.736723 0.682878 2
0.694486 0.302339 6
0.499350 0.574958 2
0.948729 0.037341 8
0.630485 0.037317 10
0.622042 0.463809 9
0.706566 0.595357 9
0.635741 0.444838 8
0.334706 0.456154 8
0.839668 0.177175 3
0.655359 0.615909 10
0.840881 0.847171 1
0.104277 0.395226 5
0.587779 0.814838 2
0.122578 0.136806 7
0.353998 0.380992 7
0.657076 0.828219 3
0.686403 0.373831 2
0.910727 0.165883 2
0.421926 0.234595 2
0.259669 0.979897 6
0.804321 0.887419 3
0.897419 0.422137 6
0.441422 0.541249 3
0.158935 0.371607 5
0.204019 0.945567 2
0.553142 0.111604 5
0.848841 0.338381 9
0.027082 0.834222 10
0.082698 0.603355 5
0.106441 0.363777 10
0.068270 0.364009 3
0.570891 0.303429 3
0.917798 0.265778 4
0.732863 0.561788 5
0.174337 0.779460 3
0.728327 0.406169 10
0.554628 0.184407 1
0.298928 0.991792 3
0.543685 0.219451 1
0.608380 0.260165 2
0.092103 0.642143 7
0.081088 0.800865 6
0.902262 0.767752 1
0.607868 0.749818 10
0.525153 0.569060 2
0.032200 0.616133 3
0.331676 0.807357 5
0.954229 0.937814 3
0.323878 0.487723 3
0.791783 0.492677 3
0.993924 0.708750 7
0.040106 0.166379 6
0.882562 0.506836 1
0.741036 0.369977 3
0.270836 0.242703 8
0.909302 0.399124 10
0.214761 0.698354 6
0.385793 0.508762 3
0.415484 0.040889 9
0.817858 0.054107 3
0.634919 0.337203 1
0.468907 0.368785 10
0.338325 0.237448 1
0.208297 0.538614 8
0.994973 0.259753 10
0.721898 0.761318 7
0.301081 0.981840 6
0.067158 0.290076 3
0.573139 0.137532 4
0.453678 0.098894 8
0.764422 0.558393 6
0.622894 0.297885 9
0.521080 0.420920 9
0.719774 0.955940 1
0.327456 0.667383 3
0.879907 0.664977 5
0.914349 0.688833 4
0.169494 0.497806 6
0.653095 0.453388 5
0.115326 0.137215 6
0.529710 0.445454 7
0.868784 0.198943 3
0.282315 0.076232 2
0.150718 0.114414 4
0.485618 0.110599 6
0.031395 0.214116 6
0.221446 0.098121 1
0.121295 0.898069 1
0.395599 0.079793 9
0.980255 0.625663 5
0.405266 0.300295 8
0.713342 0.390657 1
0.438383 0.075563 10
0.679696 0.857606 3
0.462209 0.103573 5
0.568257 0.012383 10
0.775480 0.494822 7
0.489813 0.624123 4
0.399351 0.518872 6
0.413381 0.819003 4
0.908672 0.287139 4
0.328298 0.459522 4
0.542778 0.995454 2
0.716155 0.270869 8
0.488147 0.707289 9
0.393638 0.979560 5
0.704923 0.273027 2
0.296707 0.201351 8
0.308572 0.095962 5
0.903062 0.259728 3
0.693296 0.638282 7
0.451287 0.930048 2
0.988448 0.877544 1
0.478836 0.243139 1
0.488914 0.328965 7
0.186946 0.952891 10
0.345591 0.181270 2
0.995245 0.739913 6
0.869621 0.626823 10
0.272588 0.684537 2
0.817585 0.061165 8
0.965440 0.249250 7
0.315957 0.388104 7
0.908382 0.349262 2
0.180420 0.960531 6
0.723543 0.586658 10
0.019486 0.835367 6
0.327693 0.830151 10
0.743295 0.309157 3
0.212691 0.397221 4
0.675587 0.215953 2
0.652401 0.543757 1
0.633473 0.984478 7
0.658898 0.619918 1
0.162338 0.447618 4
0.936580 0.635240 9
0.987571 0.980539 4
0.863116 0.826160 5
0.796540 0.004275 6
0.323888 0.632316 4
0.397212 0.391569 5
0.634131 0.255093 9
0.785726 0.347082 2
0.438741 0.672265 8
0.278689 0.515095 10
0.370155 0.965030 4
0.440191 0.864164 2
0.280701 0.049330 2
0.374214 0.802040 4
0.823614 0.206647 2
0.777263 0.422434 3
0.109633 0.087810 1
0.710198 0.189786 5
0.343753 0.656001 10
0.620824 0.827681 2
0.683937 0.438028 8
0.377711 0.260199 8
0.470791 0.359233 2
0.312375 0.938706 3
0.347192 0.742326 1
0.755545 0.966149 1
0.524447 0.562451 8
0.324612 0.873594 6
0.180409 0.837776 3
0.217763 0.981083 10
0.206556 0.962120 10
0.815753 0.246102 7
0.091134 0.861353 7
0.877381 0.247981 8
0.022649 0.109077 1
0.859959 0.512118 2
0.924820 0.561808 4
0.212622 0.406320 2
0.890941 0.686138 4
0.486694 0.596419 6
0.259658 0.292523 1
0.457628 0.786231 7
0.897397 0.458684 10
0.886699 0.200122 7
0.533782 0.965019 4
0.530200 0.546247 9
0.788868 0.679552 9
0.380539 0.822326 3
0.744085 0.945606 3
0.834524 0.186997 4
0.831045 0.362148 5
0.464704 0.832193 4
0.586783 0.425111 6
0.642673 0.056456 4
0.743210 0.493206 3
0.035442 0.914143 1
0.312621 0.104517 5
0.119636 0.478140 4
0.157123 0.851637 9
0.151683 0.624229 5
0.062688 0.919066 7
0.938907 0.957362 8
0.589203 0.503801 3
0.234867 0.477122 6
0.538539 0.562222 1
0.058018 0.474361 10
0.611991 0.088948 4
0.465156 0.003752 6
0.222371 0.404414 7
0.028621 0.348815 2
0.258331 0.391293 8
0.798349 0.567417 7
0.173349 0.764566 8
0.084719 0.570952 2
0.021560 0.558291 7
0.458853 0.882996 8
0.331535 0.850899 1
0.372335 0.293457 7
0.269837 0.821969 8
0.202419 0.556291 4
0.510087 0.899837 7
0.272447 0.603709 9
0.026382 0.101830 1
0.944046 0.786560 2
0.524153 0.613189 7
0.227308 0.213937 1
0.710295 0.041312 5
0.586546 0.495741 10
0.283479 0.385711 10
0.457675 0.320432 6
0.659171 0.351358 2
0.150333 0.315140 6
0.666105 0.958229 4
0.988029 0.447645 4
0.817372 0.834813 6
0.348668 0.611433 8
0.914113 0.162997 8
0.348989 0.281890 4
0.671773 0.324561 6
0.085407 0.669333 10
0.442967 0.891127 7
0.958022 0.016678 6
0.593561 0.439908 5
0.633941 0.986513 3
0.216789 0.559230 5
0.101016 0.299256 2
0.487165 0.901387 8
0.203640 0.232932 4
0.327010 0.310667 6
0.292056 0.579023 4
0.559175 0.691425 5
0.614199 0.135901 1
0.230030 0.466374 2
0.070361 0.036586 9
0.116212 0.299272 4
0.840376 0.528604 2
0.400530 0.048926 8
0.008413 0.840885 7
0.007972 0.540054 6
0.527403 0.783344 1
0.236082 0.548211 8
0.862325 0.761748 10
0.410984 0.154387 10
0.240073 0.764003 9
0.586538 0.252498 7
0.623298 0.092118 7
0.591085 0.046834 3
0.106237 0.236075 2
0.694916 0.120504 6
0.681973 0.990322 2
0.133326 0.060656 2
0.580047 0.612608 9
0.215311 0.323786 6
0.576052 0.900886 1
0.857766 0.287601 9
0.562157 0.307957 4
0.994191 0.572386 9
0.262620 0.842877 8
0.513977 0.902726 2
0.482657 0.210482 6
0.955529 0.168216 10
0.275910 0.118397 8
0.974408 0.511633 10
0.861658 0.590161 3
0.327389 0.444473 3
0.831010 0.985036 9
0.065161 0.408653 3
0.409342 0.662030 10
0.473842 0.622313 10
0.856222 0.590154 1
0.096819 0.815662 3
0.767855 0.675866 9
0.791283 0.457548 6
0.449014 0.248213 2
0.040692 0.413284 7
0.651363 0.847781 2
0.924644 0.120908 2
0.940084 0.353796 7
0.555526 0.805702 9
0.929714 0.330893 5
0.762673 0.360022 1
0.560736 0.553535 5
0.126148 0.625726 6
0.655695 0.685146 1
0.921285 0.927986 2
0.052379 0.291996 3
0.970035 0.832324 6
0.211578 0.978675 7
0.953303 0.409091 5
0.339966 0.557837 10
0.414378 0.454941 9
0.342384 0.019321 1
0.626675 0.018099 6
0.865084 0.691703 7
0.669387 0.188493 2
0.265246 0.472512 1
0.050741 0.512306 10
0.876855 0.284382 3
0.484131 0.136012 2
0.367903 0.590983 4
0.411124 0.732617 9
0.263888 0.893183 3
0.944398 0.160986 3
0.065105 0.758382 1
0.740761 0.327011 9
0.684576 0.362647 4
0.881287 0.448171 4
0.787979 0.822467 10
0.669350 0.737518 5
0.315506 0.954929 4
0.319794 0.208556 8
0.412778 0.626704 3
0.229842 0.750718 6
0.752237 0.967954 1
0.499769 0.127606 9
0.472540 0.705645 10
0.457800 0.560428 1
0.960836 0.363302 5
0.586818 0.678840 7
0.930958 0.443480 9
0.113236 0.548374 7
0.859727 0.583206 7
0.409422 0.239728 9
0.969059 0.377941 4
0.780346 0.019986 8
0.842528 0.862465 2
0.832705 0.519477 7
0.525209 0.356537 1
0.202927 0.205748 6
0.105041 0.090389 8
0.210165 0.407284 6
0.288739 0.150163 5
0.264348 0.774276 6
0.282944 0.562733 3
0.560703 0.029029 8
0.625399 0.831831 6
0.830921 0.331731 3
0.334551 0.811197 6
0.637648 0.001915 1
0.964011 0.043348 5
0.494849 0.138199 5
0.427740 0.105212 9
0.564710 0.800906 8
0.090204 0.049789 5
0.823605 0.527556 7
0.374575 0.564823 6
0.525354 0.345327 10
0.800018 0.229523 8
0.504689 0.129654 10
0.192724 0.319200 10
0.946613 0.889360 1
0.166542 0.955326 7
0.252056 0.473793 4
0.326761 0.378536 6
0.208011 0.083182 5
0.338545 0.472161 2
0.595585 0.892015 5
0.524247 0.014099 2
