n 300
m 1
tmax 25.000000
0.382457 0.437951 0
0.722235 0.831910 2
0.425736 0.081272 2
0.653039 0.635319 1
0.648926 0.732396 2
0.332835 0.617868 2
0.171608 0.378462 3
0.259509 0.656816 2
0.867939 0.894742 2
0.168115 0.531379 1
0.391707 0.278972 1
0.238972 0.073744 5
0.076443 0.159569 2
0.575828 0.293732 3
0.469313 0.230457 1
0.290221 0.287307 1
0.063191 0.554314 1
0.994010 0.331766 3
0.980831 0.108606 1
0.080465 0.478848 1
0.248365 0.137050 5
0.984332 0.154744 2
0.282624 0.823286 0
0.601915 0.852802 2
0.065170 0.221369 1
0.753020 0.999360 1
0.428641 0.825663 0
0.238604 0.420745 3
0.519106 0.975992 2
0.970323 0.108387 0
0.610604 0.578701 0
0.735373 0.150057 0
0.013581 0.868799 3
0.595960 0.796830 1
0.239550 0.106117 3
0.310013 0.389844 3
0.003931 0.770595 1
0.366863 0.592457 2
0.498960 0.704757 1
0.905740 0.444470 3
0.416944 0.509285 0
0.814142 0.022055 0
0.447030 0.484113 2
0.431360 0.756407 2
0.688597 0.883320 1
0.892690 0.147482 3
0.640597 0.574216 2
0.025559 0.956313 0
0.364073 0.512212 3
0.772456 0.400888 0
0.715315 0.168042 0
0.322630 0.435159 0
0.603055 0.019369 1
0.304168 0.056656 4
0.085046 0.834689 2
0.006355 0.807809 2
0.799120 0.532941 1
0.270045 0.055461 4
0.408861 0.652537 3
0.809774 0.501973 1
0.091038 0.679060 2
0.178851 0.230581 2
0.383519 0.386907 3
0.902290 0.777140 3
0.026490 0.048284 0
0.931684 0.418475 1
0.193101 0.403824 1
0.051696 0.348218 3
0.408467 0.156313 2
0.275690 0.235241 3
0.427655 0.440105 2
0.919128 0.030434 0
0.923695 0.449438 1
0.528780 0.686135 1
0.326483 0.093997 4
0.079920 0.269970 0
0.246898 0.573045 3
0.358006 0.437943 3
0.859676 0.272180 2
0.076089 0.497067 3
0.944863 0.255753 1
0.107850 0.806677 1
0.801574 0.595662 0
0.658349 0.204503 1
0.665962 0.040690 0
0.225639 0.963795 2
0.809881 0.264939 0
0.540212 0.676495 3
0.393321 0.566453 0
0.294418 0.494023 3
0.484889 0.829946 1
0.723693 0.604107 2
0.179317 0.801407 1
0.601848 0.464957 3
0.687581 0.544929 1
0.057960 0.974190 3
0.942650 0.007952 0
0.711133 0.123233 2
0.466155 0.910826 3
0.737699 0.806624 1
0.544687 0.956433 2
0.574157 0.104743 2
0.225345 0.632717 1
0.105210 0.821472 2
0.573367 0.322281 2
0.526984 0.856202 3
0.483249 0.634144 0
0.700858 0.423668 1
0.127135 0.729738 1
0.436006 0.325525 0
0.900567 0.674219 0
0.822202 0.126024 0
0.339352 0.754203 0
0.472336 0.302920 2
0.158788 0.215753 3
0.212352 0.867381 3
0.364253 0.229604 0
0.455215 0.432947 1
0.618986 0.902376 0
0.663549 0.685196 2
0.267767 0.524075 3
0.154185 0.242394 0
0.235784 0.946113 2
0.372006 0.937949 3
0.991016 0.691941 3
0.257113 0.196652 4
0.308241 0.008445 2
0.693848 0.073545 3
0.435572 0.519083 2
0.814851 0.943097 0
0.529835 0.900501 0
0.821520 0.036320 3
0.537555 0.086874 0
0.446367 0.477176 2
0.114426 0.637273 1
0.690218 0.134727 3
0.701382 0.051491 1
0.268262 0.312711 0
0.984790 0.916755 1
0.113425 0.650537 1
0.930538 0.392580 0
0.779541 0.856542 2
0.534938 0.340223 2
0.224488 0.769560 0
0.677737 0.644320 0
0.720250 0.675119 0
0.979627 0.271174 2
0.324808 0.776968 0
0.612755 0.397441 3
0.434744 0.516259 1
0.147851 0.698677 1
0.444055 0.273598 0
0.571654 0.164956 2
0.218370 0.418802 0
0.290956 0.188580 3
0.052009 0.632729 0
0.286050 0.296173 1
0.892077 0.169694 1
0.921370 0.401128 2
0.012415 0.035071 2
0.130378 0.091058 2
0.394419 0.661988 1
0.462105 0.738906 2
0.677491 0.508021 1
0.562851 0.866144 3
0.406777 0.239929 2
0.295300 0.659551 0
0.270549 0.614292 0
0.953949 0.397026 1
0.665219 0.195823 3
0.787221 0.046854 0
0.865510 0.421144 2
0.822582 0.590860 0
0.411548 0.311402 1
0.904654 0.028890 2
0.698311 0.950842 3
0.417226 0.166183 0
0.341660 0.321754 1
0.963214 0.124123 3
0.570601 0.521640 1
0.178246 0.690776 3
0.010647 0.037968 0
0.643608 0.838499 2
0.650978 0.305550 0
0.758071 0.886694 3
0.104919 0.744243 3
0.016908 0.216736 2
0.577795 0.254206 2
0.744155 0.757655 2
0.243883 0.305853 3
0.625967 0.581830 3
0.700178 0.442052 2
0.463833 0.428231 3
0.862020 0.831051 3
0.726260 0.688705 1
0.674267 0.182985 2
0.307413 0.399662 2
0.273461 0.636279 3
0.157125 0.867080 1
0.477556 0.802183 1
0.888756 0.125315 3
0.801374 0.163586 3
0.464298 0.334269 1
0.641118 0.280443 0
0.206273 0.453209 1
0.511306 0.893128 0
0.767070 0.659162 0
0.274227 0.490039 2
0.807502 0.316373 2
0.838455 0.474598 3
0.395351 0.225758 2
0.885186 0.432392 3
0.845390 0.286673 0
0.969824 0.359040 2
0.555814 0.308491 2
0.140920 0.326024 2
0.304604 0.029131 4
0.952439 0.720152 2
0.742219 0.877378 2
0.950311 0.271472 2
0.070925 0.381998 0
0.202140 0.852480 0
0.744167 0.122609 3
0.160915 0.799939 1
0.245609 0.873155 3
0.223894 0.337265 3
0.812537 0.794472 3
0.087071 0.985154 2
0.086567 0.007424 1
0.999138 0.286466 1
0.348204 0.467798 0
0.357752 0.633536 2
0.936547 0.173405 0
0.481645 0.838252 3
0.915768 0.840796 3
0.638656 0.769747 3
0.226257 0.189218 3
0.610024 0.407333 3
0.343366 0.333575 0
0.805815 0.389477 3
0.425693 0.396110 2
0.357284 0.785151 2
0.598021 0.821163 3
0.991375 0.086395 0
0.422509 0.544682 3
0.911781 0.283266 3
0.682133 0.336221 3
0.987041 0.085121 3
0.567805 0.812529 2
0.715971 0.368083 1
0.036535 0.389197 0
0.924079 0.166436 0
0.096732 0.832513 0
0.517013 0.580949 3
0.739295 0.382995 1
0.082110 0.247060 3
0.949119 0.048494 3
0.509437 0.225355 2
0.793944 0.348252 2
0.125122 0.070431 4
0.583117 0.689997 0
0.949712 0.660279 2
0.630105 0.451783 3
0.728380 0.838144 2
0.239886 0.383197 2
0.796620 0.509014 0
0.864755 0.826639 3
0.426154 0.494675 3
0.842192 0.881065 2
0.065003 0.814770 0
0.745002 0.486123 3
0.025047 0.349872 2
0.659934 0.124841 3
0.055016 0.115736 3
0.311344 0.105778 4
0.019709 0.733504 2
0.080367 0.498741 0
0.971558 0.210462 2
0.926636 0.834097 3
0.950242 0.530731 1
0.365711 0.258483 3
0.788800 0.961093 2
0.226653 0.939246 0
0.969826 0.014561 1
0.231719 0.591060 2
0.630689 0.141518 1
0.391420 0.637543 2
0.275591 0.334645 0
0.431596 0.148410 1
0.997605 0.024411 1
0.551116 0.102315 2
0.997411 0.859041 1
0.749845 0.845794 0
0.549096 0.659988 1
0.748418 0.974299 0
0.790181 0.005406 0
0.498467 0.330336 3
0.100220 0.584491 2
0.640071 0.651494 1
0.656751 0.060919 3
