n 250
m 1
tmax 20.000000
0.100955 0.175275 0
0.705667 0.611593 8
0.135092 0.453055 1
0.774949 0.240353 2
0.325773 0.621952 8
0.870261 0.014806 2
0.678429 0.111053 7
0.643845 0.803666 5
0.718612 0.926530 6
0.588386 0.498462 7
0.311422 0.520312 8
0.413678 0.574093 10
0.088303 0.169721 6
0.732642 0.605613 4
0.223011 0.446138 3
0.845883 0.251228 1
0.336458 0.650182 7
0.854499 0.000000 4
0.691438 0.118870 8
0.668616 0.872685 5
0.756941 0.991772 3
0.630273 0.517176 10
0.309201 0.524466 3
0.339754 0.481969 6
0.066870 0.114962 9
0.649943 0.642285 1
0.172487 0.443445 2
0.797236 0.231831 4
0.348778 0.660163 3
0.806471 0.069040 8
0.684727 0.214235 1
0.674542 0.815061 1
0.739435 0.965788 5
0.550381 0.515196 1
0.306594 0.505000 3
0.351741 0.567558 7
0.121179 0.171318 2
0.697110 0.631345 9
0.217615 0.499589 3
0.825182 0.283718 2
0.327619 0.629184 10
0.805674 0.017079 1
0.705800 0.173177 6
0.617404 0.789457 2
0.795427 0.940005 4
0.573337 0.422995 3
0.344507 0.544156 1
0.362576 0.563043 1
0.135813 0.120261 3
0.695974 0.634016 6
0.214141 0.466773 4
0.799434 0.249348 4
0.357263 0.633754 3
0.828639 0.000000 3
0.688408 0.144384 9
0.651219 0.844093 3
0.736516 0.956664 10
0.599474 0.438469 3
0.304156 0.475716 1
0.405180 0.567680 1
0.130475 0.186690 3
0.662615 0.625116 9
0.211091 0.510812 8
0.808294 0.252911 6
0.355843 0.677603 5
0.811268 0.000000 10
0.690709 0.142673 8
0.669551 0.890214 7
0.729382 0.931643 3
0.566778 0.437457 5
0.277204 0.548264 9
0.360463 0.523853 10
0.111089 0.188554 1
0.738937 0.684174 10
0.192549 0.491620 1
0.842817 0.223264 7
0.336532 0.632099 8
0.910256 0.042780 4
0.697729 0.178386 2
0.643656 0.832053 5
0.749859 0.999367 2
0.597033 0.432226 10
0.279001 0.511688 9
0.351227 0.463192 9
0.151919 0.140156 2
0.676715 0.609639 7
0.193103 0.409885 9
0.765165 0.219055 8
0.320977 0.609961 3
0.792148 0.009881 7
0.669294 0.114976 4
0.697183 0.870793 3
0.761434 0.917435 8
0.569238 0.473523 4
0.225455 0.500905 10
0.381024 0.545598 10
0.108738 0.187912 6
0.656956 0.645177 1
0.210845 0.447850 10
0.827624 0.202488 2
0.305518 0.662102 8
0.837649 0.004809 2
0.700597 0.152101 8
0.646754 0.829510 9
0.724367 0.970175 7
0.572621 0.429773 10
0.256212 0.525517 1
0.403092 0.575985 4
0.106016 0.162569 9
0.615596 0.605815 3
0.171471 0.479894 1
0.818352 0.286183 4
0.323353 0.651350 8
0.785911 0.000000 10
0.703806 0.168778 8
0.673114 0.852729 9
0.742047 0.962239 3
0.556951 0.463645 7
0.329012 0.576050 7
0.352417 0.540429 3
0.104702 0.121018 4
0.675076 0.636816 2
0.127238 0.444317 1
0.841766 0.219850 4
0.321368 0.696743 10
0.857307 0.038220 2
0.701713 0.122166 8
0.633530 0.841052 3
0.744073 0.905101 9
0.598771 0.437477 9
0.273625 0.574849 9
0.395823 0.525149 4
0.131506 0.196697 10
0.674647 0.595244 2
0.197877 0.491139 10
0.773369 0.232010 6
0.355486 0.624931 7
0.866843 0.000000 8
0.687515 0.129921 3
0.635973 0.878754 10
0.716139 0.962972 9
0.578138 0.424738 6
0.205442 0.507134 5
0.348804 0.597337 6
0.120431 0.138962 2
0.702039 0.601848 7
0.166496 0.449718 2
0.834382 0.265687 2
0.288233 0.710841 8
0.825457 0.000000 8
0.692432 0.144088 10
0.609476 0.886539 4
0.773187 0.952932 5
0.561662 0.448538 7
0.370974 0.518592 10
0.377830 0.536060 1
0.062621 0.172330 5
0.709177 0.612492 3
0.172253 0.517019 10
0.764420 0.237897 9
0.335598 0.583415 4
0.862309 0.003569 7
0.680670 0.164701 3
0.652478 0.832599 10
0.753773 0.919324 4
0.575000 0.447566 5
0.324008 0.485292 10
0.399736 0.565259 1
0.099875 0.137068 7
0.692852 0.617729 1
0.229353 0.474665 7
0.816117 0.245332 7
0.247906 0.626785 6
0.840318 0.000000 7
0.665024 0.103544 5
0.690175 0.824519 7
0.774121 1.000000 8
0.556895 0.437972 9
0.258326 0.546012 6
0.368069 0.535281 2
0.149726 0.112071 10
0.683634 0.663217 1
0.192345 0.467419 9
0.786605 0.239790 10
0.319410 0.691446 8
0.847862 0.000000 10
0.640614 0.146631 8
0.644075 0.890370 9
0.786598 0.957391 4
0.564776 0.468982 8
0.295679 0.481386 8
0.372508 0.530144 3
0.086741 0.126965 8
0.736201 0.637083 9
0.210688 0.468602 1
0.742062 0.290989 2
0.303246 0.674893 8
0.868232 0.014715 8
0.731553 0.191019 3
0.613082 0.854106 2
0.747664 1.000000 7
0.531011 0.452871 5
0.312456 0.513955 8
0.349646 0.561142 5
0.095598 0.123832 3
0.685159 0.656810 8
0.173186 0.483048 4
0.816740 0.223131 3
0.378497 0.628083 4
0.891845 0.018566 8
0.592999 0.150006 9
0.675144 0.827753 1
0.785333 0.956731 7
0.605173 0.514807 5
0.286090 0.512076 7
0.354822 0.551857 8
0.107962 0.188505 4
0.654321 0.589712 6
0.183001 0.447432 5
0.785921 0.263132 8
0.300465 0.601304 2
0.848972 0.000000 4
0.724089 0.115140 9
0.672802 0.801097 10
0.729951 0.984290 5
0.575976 0.484150 4
0.321554 0.587228 6
0.348058 0.550838 8
0.133731 0.112899 3
0.684345 0.654040 2
0.241517 0.518387 10
0.851403 0.195225 8
0.306847 0.581376 6
0.877591 0.026270 9
0.671260 0.159416 3
0.626012 0.907775 3
0.759486 1.000000 3
0.606610 0.504765 1
0.290320 0.549491 3
0.335485 0.556214 7
0.056764 0.200963 10
0.669019 0.653874 7
0.234392 0.452231 7
0.791317 0.245163 1
0.310862 0.687550 2
0.874691 0.005618 4
0.722276 0.207310 2
0.678821 0.822293 2
0.749071 1.000000 7
0.578824 0.425805 8
