n 1000
m 1
tmax 20.000000
0.639874 0.024652 3
0.507056 0.984536 8
0.302445 0.197829 2
0.484468 0.701136 5
0.940109 0.214862 5
0.414371 0.366508 1
0.373034 0.988865 1
0.877580 0.573534 10
0.332642 0.855319 2
0.860955 0.158002 5
0.486835 0.902456 4
0.742979 0.589278 2
0.481833 0.248804 8
0.867940 0.736579 4
0.156339 0.545985 7
0.197807 0.376549 10
0.713825 0.316555 2
0.981853 0.772627 10
0.834013 0.708331 5
0.989102 0.380073 3
0.594918 0.618485 3
0.649001 0.174190 3
0.271312 0.915188 6
0.151562 0.792239 5
0.139078 0.278031 7
0.202977 0.391985 9
0.182582 0.885763 8
0.703609 0.934176 2
0.908728 0.992027 2
0.043040 0.425596 3
0.261380 0.639908 8
0.547150 0.987084 9
0.108751 0.824300 4
0.733670 0.472902 8
0.938991 0.644386 1
0.054917 0.351998 1
0.560583 0.863467 6
0.480952 0.307988 1
0.610665 0.096036 5
0.267661 0.709907 5
0.703437 0.036978 5
0.531563 0.202948 7
0.191345 0.482606 3
0.140803 0.900707 7
0.286995 0.243246 9
0.412111 0.643199 8
0.822813 0.658159 10
0.922560 0.523111 9
0.035230 0.873395 9
0.703824 0.606111 10
0.670371 0.107592 1
0.086920 0.082885 10
0.825192 0.165922 1
0.097857 0.546721 6
0.448599 0.550180 8
0.324366 0.171667 3
0.592953 0.955576 4
0.387721 0.717759 4
0.176330 0.284086 3
0.806984 0.885750 5
0.507196 0.104509 5
0.886755 0.295378 7
0.672262 0.796793 4
0.666881 0.577561 3
0.160399 0.584788 8
0.841753 0.205945 10
0.312134 0.495205 10
0.108692 0.397096 7
0.175741 0.741715 10
0.323583 0.328002 1
0.233253 0.785899 9
0.672132 0.232391 10
0.255698 0.387855 10
0.451524 0.708144 1
0.307926 0.534253 1
0.793726 0.790905 8
0.298452 0.851679 9
0.318200 0.535727 4
0.568563 0.717826 6
0.173757 0.192120 4
0.109220 0.119280 1
0.685675 0.614403 2
0.481069 0.852940 10
0.665578 0.480939 10
0.142759 0.387993 8
0.601778 0.001189 10
0.880345 0.987498 8
0.270969 0.484922 8
0.462880 0.925100 8
0.814459 0.478996 3
0.692099 0.929675 7
0.328854 0.444437 9
0.221642 0.793684 6
0.407912 0.883509 2
0.296601 0.992847 8
0.327913 0.633637 6
0.121445 0.049395 7
0.764126 0.046164 9
0.908589 0.124850 3
0.019096 0.652282 2
0.860943 0.087537 9
0.955953 0.506950 10
0.895347 0.842921 2
0.765706 0.770684 8
0.604936 0.952843 3
0.064742 0.017263 9
0.818659 0.211165 10
0.612433 0.117107 9
0.681535 0.915210 7
0.851115 0.855331 5
0.566908 0.142799 9
0.951662 0.795633 1
0.077948 0.627235 3
0.185942 0.216673 6
0.564272 0.015801 10
0.831717 0.232530 1
0.910219 0.342750 10
0.972170 0.761802 5
0.190714 0.846303 1
0.981804 0.930030 3
0.487277 0.882801 2
0.640757 0.979796 5
0.620099 0.599476 7
0.275963 0.774571 4
0.506727 0.813399 2
0.320100 0.841212 3
0.662189 0.197454 10
0.641581 0.846022 3
0.615599 0.242722 2
0.086107 0.065201 9
0.126718 0.604273 9
0.277627 0.683092 7
0.094991 0.489643 6
0.956263 0.658710 3
0.990593 0.432233 9
0.541391 0.034487 4
0.610691 0.414010 8
0.288216 0.233008 2
0.619595 0.601612 3
0.189079 0.545949 7
0.449191 0.067884 4
0.911219 0.822123 5
0.194660 0.560091 9
0.328954 0.635365 7
0.387088 0.780435 5
0.995232 0.176433 5
0.729813 0.880218 2
0.174093 0.469179 6
0.291143 0.457982 9
0.175959 0.507981 4
0.555778 0.525304 8
0.923543 0.153636 10
0.037429 0.222235 9
0.691701 0.943316 9
0.262955 0.681899 4
0.401272 0.990961 3
0.185809 0.335149 5
0.853086 0.647595 2
0.703968 0.268907 7
0.598357 0.689482 9
0.869062 0.147375 10
0.785439 0.786004 1
0.782544 0.139662 4
0.974726 0.251263 9
0.442848 0.334494 3
0.774426 0.991459 2
0.576488 0.523206 3
0.336070 0.463355 10
0.559773 0.490551 10
0.635044 0.398570 4
0.722209 0.078550 8
0.545601 0.500852 6
0.615673 0.988159 6
0.509596 0.547035 9
0.198921 0.131125 3
0.166633 0.987469 6
0.353558 0.787927 4
0.943668 0.269808 5
0.533441 0.413958 6
0.056407 0.264251 6
0.086535 0.580424 8
0.354310 0.180973 6
0.162600 0.405434 1
0.682224 0.880435 4
0.294545 0.443200 10
0.486060 0.536543 4
0.216125 0.252509 7
0.972632 0.820679 3
0.287498 0.989112 4
0.308809 0.791690 6
0.329932 0.260551 8
0.800311 0.875765 7
0.622158 0.164099 7
0.855628 0.124642 2
0.127261 0.691626 7
0.615188 0.968675 10
0.689074 0.940033 5
0.767951 0.266622 7
0.248793 0.851857 5
0.210660 0.500409 4
0.422154 0.155968 5
0.308271 0.771981 4
0.737787 0.498368 3
0.733786 0.673712 3
0.339239 0.526881 2
0.732478 0.322359 4
0.707546 0.769703 4
0.118501 0.990685 1
0.404931 0.404161 5
0.315782 0.276681 10
0.249404 0.896292 8
0.079185 0.872048 8
0.480642 0.050045 2
0.922756 0.441074 10
0.786525 0.066170 9
0.221257 0.743755 9
0.588572 0.545657 7
0.685434 0.534584 7
0.110255 0.594242 4
0.117095 0.047649 9
0.099976 0.165936 9
0.549746 0.289234 4
0.663866 0.340606 1
0.321202 0.896152 2
0.181566 0.012627 4
0.868459 0.242584 4
0.931772 0.595365 1
0.462476 0.778980 2
0.035704 0.027937 4
0.804184 0.322625 4
0.478746 0.418999 6
0.109032 0.426950 5
0.064614 0.938729 4
0.999573 0.294422 2
0.963793 0.731750 7
0.675830 0.101494 6
0.808557 0.802041 2
0.081949 0.983934 3
0.236746 0.053460 3
0.662050 0.004021 2
0.108009 0.974202 8
0.608849 0.484569 5
0.687770 0.113124 6
0.580253 0.436291 5
0.390200 0.001412 3
0.090375 0.960233 4
0.085318 0.911389 7
0.099028 0.533633 7
0.454774 0.641893 9
0.608387 0.213281 9
0.893251 0.942348 6
0.414261 0.630240 9
0.508735 0.161091 4
0.160920 0.282335 1
0.726303 0.807203 1
0.090591 0.644010 9
0.673673 0.685043 7
0.450307 0.234407 7
0.494496 0.362965 2
0.430377 0.280436 10
0.980170 0.203031 8
0.143700 0.083226 2
0.667726 0.376263 10
0.219419 0.202822 9
0.904882 0.558903 10
0.435710 0.338815 9
0.054178 0.724608 9
0.733800 0.930742 5
0.555138 0.916034 2
0.511850 0.366810 6
0.325278 0.172096 2
0.562014 0.106337 6
0.217750 0.859336 1
0.223687 0.191004 5
0.927272 0.642988 8
0.150971 0.746678 4
0.050893 0.805885 2
0.021266 0.372846 6
0.496939 0.454537 9
0.935900 0.636173 3
0.105377 0.096208 1
0.397705 0.211707 7
0.018133 0.754387 1
0.150256 0.264157 2
0.928586 0.966665 8
0.030291 0.043599 9
0.809577 0.102130 9
0.236619 0.628770 5
0.613440 0.769208 1
0.398624 0.978079 2
0.131299 0.986672 6
0.092369 0.813564 2
0.029447 0.114050 4
0.022314 0.811305 3
0.000838 0.495675 6
0.769421 0.119236 2
0.086738 0.154114 5
0.571461 0.201018 3
0.199003 0.740779 3
0.895542 0.326962 7
0.594356 0.504857 4
0.142584 0.005561 10
0.228604 0.589403 3
0.459772 0.359953 10
0.475945 0.645832 10
0.018396 0.482186 3
0.483551 0.673813 10
0.052650 0.996107 2
0.806955 0.848834 6
0.178160 0.309934 10
0.507247 0.311128 1
0.632312 0.851595 3
0.021523 0.200421 7
0.175729 0.669680 8
0.156798 0.668242 4
0.873542 0.156907 1
0.028161 0.714268 5
0.451857 0.821685 6
0.468590 0.180063 7
0.506002 0.438188 4
0.490140 0.284472 3
0.622268 0.500484 8
0.341535 0.927221 3
0.202148 0.680306 3
0.113620 0.718381 7
0.240440 0.632475 5
0.491814 0.336826 10
0.533735 0.368189 6
0.943157 0.605760 2
0.425018 0.676752 5
0.178791 0.195153 1
0.134739 0.529993 3
0.363973 0.531135 1
0.263147 0.227034 7
0.330543 0.787695 10
0.478687 0.110055 9
0.181765 0.884829 2
0.252369 0.312872 2
0.028028 0.890132 8
0.668510 0.533596 7
0.196034 0.148532 2
0.525678 0.376925 4
0.198655 0.871557 10
0.441425 0.836712 6
0.700503 0.371358 1
0.759787 0.606549 7
0.131392 0.515892 4
0.824248 0.902756 9
0.516219 0.970643 8
0.808078 0.257864 5
0.528358 0.385556 2
0.130913 0.593027 9
0.906028 0.818567 5
0.351686 0.675598 3
0.265285 0.668551 8
0.525462 0.027770 5
0.728040 0.684807 3
0.411329 0.703220 8
0.145535 0.847386 10
0.962325 0.343789 8
0.015760 0.277161 2
0.053059 0.545074 5
0.287622 0.254073 10
0.397297 0.532969 4
0.395636 0.627436 7
0.749256 0.238709 2
0.406593 0.787366 3
0.928683 0.107449 3
0.634436 0.658149 7
0.401954 0.365438 9
0.498892 0.138695 4
0.590871 0.288440 10
0.482058 0.269747 5
0.904505 0.818973 5
0.695123 0.790040 10
0.044767 0.139898 3
0.044932 0.654681 8
0.780230 0.114225 3
0.310183 0.206438 3
0.295384 0.116723 10
0.654268 0.922360 9
0.030521 0.380179 3
0.786176 0.916579 10
0.230876 0.341903 9
0.088076 0.243899 7
0.605564 0.761163 6
0.929184 0.161215 4
0.557127 0.691290 7
0.051933 0.757864 6
0.560175 0.741217 2
0.880905 0.164931 2
0.147346 0.675227 2
0.065888 0.588322 2
0.396401 0.040615 8
0.893512 0.243358 1
0.532638 0.487822 8
0.530370 0.168006 4
0.817789 0.955396 6
0.841799 0.278495 10
0.857366 0.853297 8
0.485214 0.859836 7
0.522122 0.280331 8
0.392929 0.933511 7
0.392109 0.683962 8
0.959167 0.461392 8
0.932278 0.552501 2
0.455549 0.733618 7
0.565834 0.402755 7
0.674503 0.795950 6
0.217204 0.371986 2
0.881292 0.788399 5
0.306627 0.860945 5
0.450972 0.343674 4
0.931841 0.501070 1
0.842597 0.805007 5
0.266824 0.494764 7
0.879349 0.432153 2
0.581972 0.179591 10
0.911576 0.342694 3
0.927152 0.020222 3
0.923900 0.279923 7
0.874607 0.082101 2
0.174219 0.393977 9
0.499918 0.438897 7
0.589008 0.936876 1
0.108253 0.730291 3
0.234329 0.337403 2
0.521838 0.631361 7
0.595199 0.718360 2
0.101228 0.200302 5
0.340226 0.478162 6
0.931918 0.011255 7
0.007138 0.290604 9
0.120657 0.509388 7
0.809940 0.279624 6
0.727778 0.125621 1
0.985201 0.476303 9
0.791137 0.428428 3
0.970235 0.671280 2
0.920678 0.568115 2
0.505397 0.813757 2
0.625475 0.930440 4
0.503578 0.263478 4
0.488373 0.910734 2
0.493032 0.422168 4
0.400280 0.453625 3
0.992665 0.983579 4
0.557564 0.739420 7
0.996544 0.186750 8
0.120462 0.478582 8
0.393067 0.119438 7
0.362361 0.534887 4
0.553842 0.696918 4
0.886852 0.711860 9
0.457214 0.878296 4
0.900128 0.268690 5
0.837978 0.918003 2
0.721559 0.486183 2
0.947621 0.717215 10
0.604825 0.562683 7
0.009410 0.190837 8
0.825090 0.340868 8
0.126079 0.245615 5
0.575448 0.070334 2
0.449803 0.822626 3
0.603795 0.315238 4
0.499734 0.749909 5
0.612480 0.148204 5
0.483583 0.969067 3
0.412957 0.238204 9
0.239414 0.941284 8
0.585874 0.813577 10
0.636289 0.897916 10
0.345797 0.744122 2
0.820837 0.578400 5
0.307657 0.820060 5
0.130866 0.054711 5
0.328607 0.197015 9
0.635652 0.664641 2
0.126408 0.914514 4
0.605632 0.012528 6
0.748853 0.187942 5
0.739526 0.334973 3
0.657888 0.905856 9
0.982077 0.800159 6
0.809491 0.004548 5
0.506593 0.547589 6
0.894475 0.290703 2
0.024804 0.410821 5
0.706999 0.277280 9
0.635841 0.756723 2
0.306458 0.020483 2
0.220273 0.977991 2
0.675552 0.059907 2
0.154614 0.594040 1
0.381579 0.452071 7
0.804638 0.202048 3
0.504905 0.031809 8
0.472948 0.416292 9
0.264051 0.108741 5
0.774903 0.126632 3
0.351637 0.563277 5
0.599919 0.765123 3
0.606261 0.590970 4
0.674543 0.772867 5
0.601849 0.404534 10
0.320475 0.536230 10
0.689695 0.143270 5
0.644185 0.098938 5
0.140917 0.177743 4
0.612859 0.741492 3
0.474824 0.089669 8
0.371691 0.566512 3
0.457125 0.329468 7
0.135011 0.703476 2
0.315720 0.375876 1
0.793907 0.650809 3
0.976902 0.676965 10
0.588828 0.321239 10
0.436732 0.665884 8
0.886463 0.992427 8
0.004697 0.701326 3
0.134386 0.115344 8
0.958175 0.571042 10
0.943857 0.104622 3
0.567881 0.464329 2
0.779265 0.738758 6
0.692312 0.032233 3
0.578197 0.530106 8
0.142342 0.924932 1
0.937892 0.075928 5
0.001061 0.543451 10
0.730920 0.850053 7
0.942980 0.189606 9
0.397982 0.253800 1
0.231180 0.175900 9
0.365373 0.295733 4
0.708585 0.615323 7
0.139814 0.729534 10
0.729479 0.131372 1
0.849107 0.864982 4
0.360727 0.967276 1
0.940405 0.677295 9
0.411698 0.644981 7
0.085459 0.450166 10
0.813103 0.023453 10
0.411429 0.154948 9
0.269106 0.309003 7
0.510036 0.496780 8
0.529668 0.712301 7
0.161339 0.997446 2
0.071679 0.912699 9
0.313797 0.805122 1
0.642596 0.131633 5
0.087798 0.495606 9
0.777301 0.370774 2
0.616349 0.565311 1
0.994584 0.691118 4
0.278173 0.934274 7
0.116994 0.649355 8
0.603864 0.651868 8
0.557452 0.154694 9
0.635473 0.933758 8
0.122337 0.428552 1
0.934302 0.086974 6
0.040239 0.300734 2
0.618569 0.543897 3
0.845197 0.435101 9
0.835508 0.203586 4
0.452557 0.731529 8
0.033756 0.623586 1
0.452266 0.000541 1
0.351951 0.754329 6
0.541493 0.399206 7
0.134411 0.282616 6
0.816397 0.612059 5
0.964164 0.947334 6
0.287354 0.251662 8
0.920687 0.071597 3
0.480388 0.284763 2
0.093028 0.392862 10
0.080047 0.538108 6
0.233104 0.235146 9
0.802035 0.069916 9
0.478176 0.180971 9
0.105199 0.214272 10
0.092832 0.439608 10
0.364295 0.486704 10
0.813260 0.910839 2
0.747925 0.815335 3
0.645737 0.373426 6
0.117322 0.299386 5
0.889133 0.244426 3
0.767553 0.730498 2
0.161183 0.035303 3
0.636199 0.983443 6
0.840239 0.283755 9
0.158955 0.807803 8
0.295220 0.960931 6
0.764548 0.928395 6
0.045625 0.603406 9
0.409093 0.047851 5
0.606759 0.105053 10
0.106144 0.618574 1
0.789106 0.197487 1
0.356545 0.823571 6
0.001953 0.209701 6
0.729286 0.566225 10
0.027296 0.820382 9
0.491182 0.126821 1
0.062417 0.206541 7
0.199543 0.655898 3
0.703822 0.471501 7
0.515715 0.008744 6
0.595013 0.206648 8
0.919667 0.129862 3
0.774586 0.267620 5
0.980075 0.036461 9
0.503662 0.199805 7
0.800427 0.901102 4
0.948139 0.898741 4
0.928171 0.894092 10
0.952357 0.962976 5
0.192352 0.458859 8
0.699643 0.804608 6
0.868644 0.607214 9
0.078514 0.682957 6
0.230394 0.964258 5
0.296263 0.964021 2
0.759535 0.774850 1
0.318583 0.077841 10
0.987730 0.309974 6
0.378368 0.630267 3
0.763889 0.294825 3
0.597912 0.906996 4
0.787252 0.614551 1
0.191494 0.187139 3
0.165051 0.655263 10
0.558344 0.262423 8
0.844869 0.405821 4
0.498342 0.123979 9
0.036953 0.512581 1
0.978870 0.942557 2
0.944747 0.746599 9
0.455419 0.132904 4
0.438790 0.556085 7
0.951901 0.961909 2
0.894246 0.886068 9
0.359139 0.633552 1
0.580482 0.802248 3
0.867743 0.988426 10
0.985057 0.925933 1
0.962942 0.689080 1
0.450036 0.803735 4
0.422033 0.955535 9
0.464714 0.410617 9
0.496605 0.579501 6
0.446557 0.313863 9
0.673012 0.686020 7
0.138101 0.118603 10
0.569654 0.856220 4
0.275601 0.058716 3
0.830578 0.487711 1
0.709383 0.133313 7
0.287090 0.963225 9
0.410577 0.873152 5
0.872218 0.565621 8
0.017061 0.957083 10
0.470697 0.242628 7
0.399026 0.154324 3
0.320268 0.456369 5
0.279936 0.579530 6
0.889978 0.059034 2
0.859023 0.280476 5
0.351071 0.857944 1
0.140056 0.597780 3
0.668916 0.699062 7
0.723243 0.999797 6
0.653983 0.976046 2
0.362760 0.400715 6
0.316343 0.592675 1
0.443708 0.911627 9
0.675239 0.941748 5
0.084908 0.259339 6
0.250918 0.266480 10
0.146140 0.549933 5
0.386567 0.635837 9
0.586075 0.342848 1
0.868675 0.689426 2
0.294027 0.866817 1
0.525695 0.624782 6
0.884436 0.576499 1
0.175275 0.460010 6
0.561871 0.953609 3
0.227310 0.894274 3
0.591631 0.612954 3
0.140133 0.816538 8
0.112746 0.039853 9
0.321721 0.277813 9
0.176667 0.739113 1
0.373854 0.760624 9
0.830529 0.917438 2
0.643601 0.782326 7
0.272966 0.888848 9
0.323926 0.422138 10
0.652628 0.171815 2
0.604552 0.163149 4
0.316088 0.713791 5
0.760815 0.098326 3
0.761372 0.517550 8
0.345931 0.405973 4
0.899300 0.464159 8
0.598363 0.364487 8
0.983127 0.044863 6
0.510151 0.633083 7
0.405754 0.469269 5
0.572279 0.252121 8
0.868503 0.342484 3
0.658710 0.090222 6
0.141698 0.885334 4
0.765191 0.095293 6
0.024796 0.271556 4
0.309854 0.338055 6
0.160285 0.594895 2
0.421957 0.919800 9
0.113114 0.222142 5
0.396204 0.977301 6
0.506985 0.453450 7
0.222817 0.201576 7
0.484625 0.515530 1
0.388380 0.574880 1
0.492599 0.078074 5
0.159529 0.632287 8
0.175174 0.147194 9
0.176757 0.260571 1
0.354987 0.494027 7
0.292602 0.736460 4
0.448262 0.258397 6
0.900888 0.332174 10
0.548915 0.802742 7
0.218623 0.538558 7
0.867599 0.500177 5
0.543143 0.809467 6
0.347679 0.764857 5
0.280806 0.399439 1
0.790806 0.929750 9
0.760581 0.037192 6
0.254743 0.408291 2
0.878211 0.519987 4
0.338719 0.273725 3
0.960072 0.837525 8
0.079837 0.854186 3
0.180945 0.723435 2
0.597698 0.482267 10
0.900531 0.013947 8
0.949892 0.328457 3
0.495649 0.955655 1
0.509908 0.011788 4
0.069695 0.046069 8
0.827030 0.163810 8
0.862695 0.115023 7
0.005527 0.498124 6
0.072169 0.772755 6
0.423365 0.909292 7
0.250096 0.044882 2
0.320874 0.136619 5
0.222727 0.155933 7
0.385053 0.937181 9
0.934978 0.038554 4
0.112329 0.017126 8
0.494386 0.463839 10
0.288316 0.940284 9
0.937858 0.794097 2
0.247315 0.735713 9
0.945152 0.431430 2
0.570193 0.354997 3
0.010858 0.569664 7
0.008333 0.904658 1
0.350045 0.727956 3
0.336117 0.100952 1
0.893917 0.071829 6
0.959355 0.315911 9
0.058205 0.742958 9
0.607407 0.608758 4
0.586178 0.741578 7
0.845648 0.860056 8
0.710974 0.750768 2
0.025593 0.747081 3
0.742730 0.905058 5
0.614016 0.469444 2
0.001663 0.100095 4
0.386093 0.946304 2
0.258306 0.051764 6
0.794304 0.956621 10
0.663687 0.790855 5
0.693020 0.834346 5
0.103181 0.680214 6
0.896167 0.495705 10
0.520349 0.088790 7
0.066698 0.266601 7
0.378856 0.173058 4
0.710995 0.178106 2
0.221682 0.012109 7
0.362528 0.881974 5
0.097388 0.474330 4
0.870291 0.036814 3
0.805530 0.647885 6
0.776913 0.310949 8
0.421095 0.272860 5
0.917190 0.081769 1
0.671489 0.608680 6
0.951178 0.835372 5
0.239018 0.068399 3
0.416000 0.005481 9
0.575667 0.170071 5
0.595063 0.676443 3
0.801441 0.724049 2
0.290663 0.666886 2
0.199734 0.324395 6
0.586802 0.272058 8
0.355996 0.126892 9
0.602516 0.924591 3
0.690022 0.336683 1
0.734868 0.450107 2
0.374320 0.903450 2
0.029063 0.799798 3
0.689182 0.319603 4
0.158400 0.236817 2
0.430471 0.900040 1
0.082159 0.393729 8
0.717520 0.025660 4
0.569769 0.475975 6
0.459594 0.709592 5
0.859410 0.259654 7
0.788808 0.102439 5
0.390776 0.787659 9
0.689494 0.301339 4
0.101820 0.877428 2
0.143833 0.478593 6
0.924110 0.243626 7
0.649025 0.312875 3
0.067506 0.731695 9
0.133594 0.732784 3
0.956797 0.581014 4
0.478985 0.332287 3
0.063151 0.430781 10
0.142925 0.227162 10
0.300858 0.689046 5
0.870784 0.826392 1
0.593362 0.231705 4
0.450320 0.557296 1
0.907327 0.874292 5
0.435941 0.926404 10
0.870112 0.921269 10
0.016888 0.437978 3
0.524872 0.233432 9
0.120145 0.395441 1
0.002454 0.855574 6
0.667151 0.342341 8
0.528105 0.113970 7
0.439474 0.818659 1
0.309366 0.580122 9
0.257901 0.612046 2
0.432570 0.572854 4
0.813160 0.796655 2
0.117640 0.224877 9
0.665098 0.986516 5
0.209172 0.449891 6
0.491417 0.654575 7
0.477371 0.050523 8
0.822199 0.803655 8
0.273366 0.955029 4
0.450856 0.661273 3
0.301223 0.718847 1
0.434656 0.480950 6
0.964509 0.457687 10
0.485890 0.942238 7
0.831912 0.425231 5
0.095051 0.669709 8
0.893191 0.840099 2
0.237461 0.398008 10
0.440115 0.756076 5
0.512216 0.630539 8
0.082106 0.349447 7
0.885227 0.143522 1
0.421643 0.090572 5
0.921124 0.869048 7
0.952217 0.544320 8
0.488395 0.514525 8
0.333830 0.955523 6
0.558763 0.890070 6
0.795523 0.699865 10
0.155260 0.710068 4
0.094097 0.398661 4
0.061697 0.889130 8
0.363366 0.344230 6
0.337711 0.299086 1
0.721428 0.150956 8
0.938801 0.305947 4
0.979869 0.725930 5
0.835963 0.563250 6
0.433623 0.104747 3
0.598386 0.173606 2
0.013441 0.934110 6
0.490748 0.943684 1
0.158422 0.794658 2
0.852550 0.107550 5
0.250377 0.885667 9
0.752470 0.546576 4
0.029145 0.907781 7
0.064531 0.592818 7
0.427119 0.825524 1
0.758678 0.834580 4
0.252789 0.700526 8
0.532918 0.715858 7
0.012870 0.608073 6
0.209490 0.163680 5
0.708705 0.572677 1
0.001038 0.723135 9
0.527108 0.381477 9
0.270432 0.894040 9
0.646255 0.847845 8
0.616669 0.820879 3
0.958298 0.566552 8
0.832278 0.581697 3
0.230157 0.103339 3
0.417569 0.361882 8
0.644431 0.796020 2
0.269298 0.079935 7
0.009636 0.641899 2
0.151709 0.968155 3
0.620250 0.556303 10
0.430873 0.058886 8
0.749053 0.647169 2
0.897551 0.531240 10
0.622074 0.843158 1
0.957927 0.825639 9
0.894776 0.046706 3
0.911733 0.159491 1
0.747744 0.051179 6
0.085626 0.143884 2
0.606008 0.051215 6
0.794854 0.193189 2
0.082111 0.017391 2
0.274078 0.208752 7
0.164874 0.579738 1
0.897274 0.377765 8
0.262977 0.799791 6
0.544569 0.443344 2
0.595136 0.194548 1
0.897299 0.926705 5
0.874889 0.279795 3
0.945567 0.389331 4
0.379608 0.986919 5
0.567409 0.507741 8
0.383739 0.754517 1
0.163146 0.659070 6
0.290605 0.263543 1
0.485787 0.302280 7
0.117110 0.335264 9
0.898574 0.169436 3
0.750650 0.985050 7
0.547542 0.326505 10
0.045119 0.180369 5
0.856412 0.912048 10
0.826820 0.553946 2
0.707706 0.463842 9
0.801327 0.819848 2
0.455427 0.516145 1
0.897241 0.324870 8
0.459489 0.970945 7
0.317731 0.973828 6
0.183451 0.854134 1
0.654241 0.367949 1
0.601350 0.226209 8
0.936550 0.493575 10
0.934425 0.256249 9
0.381398 0.893566 1
0.823745 0.388877 3
0.625460 0.216017 8
0.917961 0.341755 8
0.656326 0.715730 1
0.424687 0.348060 4
0.814434 0.072395 10
0.752498 0.435298 3
0.274252 0.516637 4
0.030123 0.577060 7
0.068262 0.214872 2
0.103523 0.515019 9
0.065247 0.834693 2
0.454681 0.828942 10
0.514150 0.933412 5
0.739573 0.778119 6
0.244412 0.090880 7
0.260132 0.503020 9
0.635977 0.075377 6
0.441638 0.495331 1
0.249436 0.418435 8
0.471460 0.777987 5
0.214577 0.312975 9
