n 250
m 1
tmax 6.028301
0.092907 0.083584 0
0.292394 0.255133 12
0.554002 0.783860 5
0.066418 0.145329 10
0.000000 0.228246 11
0.659929 0.653109 12
0.140396 0.473840 1
0.109380 0.227026 12
0.519494 0.751023 3
0.126191 0.264875 13
0.127352 0.157161 12
0.550280 0.420871 5
0.156428 0.244341 13
0.146580 0.127919 9
0.456586 0.745138 1
0.039046 0.282553 11
0.171576 0.083055 13
0.410994 0.595666 5
0.000000 0.209742 12
0.181020 0.066817 5
0.692086 0.600771 13
0.000000 0.202553 13
0.242092 0.056011 4
0.553889 0.576645 2
0.000000 0.247343 10
0.292337 0.220928 12
0.577739 0.557914 3
0.213040 0.364525 13
0.177150 0.000000 1
0.695114 0.555417 5
0.000000 0.191675 9
0.057556 0.191531 11
0.483346 0.620260 2
0.130913 0.274862 10
0.000000 0.140778 13
0.786212 0.601316 10
0.060465 0.341742 13
0.100033 0.254009 10
0.665606 0.503275 2
0.215771 0.247298 12
0.000000 0.045043 9
0.446375 0.664241 4
0.122425 0.071006 11
0.273461 0.037878 3
0.529540 0.851985 5
0.000000 0.134690 11
0.282161 0.299120 11
0.628241 0.486865 4
0.027678 0.238208 9
0.095585 0.268014 12
0.704540 0.902005 2
0.068830 0.134210 10
0.032928 0.000000 11
0.501389 0.818622 1
0.014275 0.174205 10
0.279119 0.126862 10
0.692854 0.634596 13
0.000000 0.067346 13
0.179733 0.009768 1
0.504509 0.646192 1
0.000000 0.422046 2
0.008170 0.058651 9
0.259955 0.617334 2
0.000000 0.271145 9
0.032992 0.000000 12
0.741903 0.574473 11
0.139259 0.334282 12
0.203094 0.222610 12
0.354369 0.946383 1
0.201926 0.280826 11
0.293302 0.000000 4
0.549240 0.750446 1
0.186801 0.125763 11
0.206438 0.065129 5
0.671796 0.757148 10
0.000000 0.334270 13
0.285455 0.111295 13
0.505557 0.573976 5
0.000000 0.134224 13
0.115246 0.088197 10
0.668082 0.657404 9
0.000000 0.126174 10
0.103465 0.083082 10
0.697776 0.527104 5
0.000000 0.182306 9
0.385016 0.000000 3
0.232019 0.569084 3
0.035078 0.000000 11
0.403290 0.000000 3
0.503485 0.685830 1
0.305263 0.235891 13
0.169737 0.075315 4
0.725788 0.711574 10
0.268953 0.304818 9
0.214690 0.151131 11
0.541543 0.786080 4
0.176267 0.176063 10
0.202521 0.060765 2
0.461830 0.656880 5
0.048768 0.209206 12
0.321676 0.043549 3
0.562156 0.827260 4
0.000000 0.110018 9
0.360635 0.223170 5
0.546663 0.601145 4
0.099920 0.256144 11
0.042266 0.000000 13
0.522412 0.663983 4
0.001749 0.441820 3
0.402336 0.000000 1
0.644087 0.878067 1
0.000000 0.194050 13
0.128526 0.187388 13
0.603326 0.725805 9
0.000000 0.305586 13
0.076951 0.128328 12
0.516684 0.640757 2
0.000000 0.213264 11
0.089872 0.069449 11
0.686027 0.705330 9
0.000000 0.351518 9
0.167894 0.269251 11
0.582043 0.821880 2
0.000000 0.288863 9
0.020404 0.260496 12
0.776418 0.653938 9
0.069931 0.280254 13
0.185048 0.034091 1
0.561366 0.725302 3
0.122550 0.277227 11
0.348987 0.008680 2
0.309371 0.641119 1
0.156288 0.006634 2
0.029697 0.000000 9
0.725061 0.507646 5
0.004201 0.308944 13
0.347713 0.114611 2
0.720760 0.782308 9
0.116680 0.239244 10
0.252865 0.130040 11
0.649965 0.753697 11
0.236318 0.227382 10
0.273300 0.000000 2
0.602943 0.833221 5
0.000000 0.163342 10
0.000000 0.140856 11
0.685730 0.709230 12
0.092552 0.287516 13
0.135433 0.000000 3
0.854922 0.462039 1
0.169484 0.159380 12
0.109148 0.188611 9
0.436646 0.756400 2
0.000000 0.351201 11
0.323245 0.030172 2
0.552603 0.717505 2
0.222314 0.028708 3
0.123535 0.138377 12
0.527987 0.582574 4
0.095315 0.305863 11
0.229822 0.198862 10
0.531202 0.664196 1
0.124257 0.175096 9
0.000000 0.349155 12
0.605692 0.702366 11
0.000000 0.398970 2
0.178159 0.000000 4
0.665172 0.641079 10
0.000000 0.049385 10
0.416350 0.100038 5
0.560674 0.878785 5
0.000000 0.160938 9
0.016906 0.264942 10
0.675542 0.667481 11
0.143507 0.294602 10
0.276604 0.198811 12
0.563605 0.605019 1
0.264463 0.205453 11
0.193609 0.338157 9
0.476504 0.462962 5
0.081229 0.163075 9
0.247534 0.248752 11
0.530926 0.777379 4
0.018841 0.373874 12
0.152340 0.002267 1
0.533502 0.734524 4
0.105016 0.422622 5
0.240259 0.245979 10
0.636865 0.605134 9
0.000000 0.166461 10
0.263124 0.195298 13
0.502233 0.675504 2
0.000000 0.359886 12
0.240965 0.158851 11
0.682586 0.618916 11
0.004867 0.117632 13
0.427041 0.000000 2
0.730010 0.806778 10
0.001001 0.282726 9
0.175432 0.000000 3
0.440536 0.590862 3
0.000000 0.175832 11
0.318602 0.009539 3
0.498903 0.700784 5
0.000000 0.169526 10
0.104222 0.184755 12
0.852035 0.699788 11
0.199945 0.063773 2
0.297714 0.000000 3
0.630992 0.641268 13
0.148453 0.203372 13
0.189637 0.145920 9
0.531473 0.730600 2
0.000000 0.378954 3
0.302605 0.016512 3
0.510267 0.698229 1
0.182400 0.331296 10
0.431296 0.142557 5
0.544973 0.586969 2
0.000000 0.439527 3
0.200818 0.000000 5
0.726276 0.712045 11
0.168773 0.212198 10
0.198670 0.229521 11
0.650119 0.863462 5
0.000000 0.359292 10
0.062658 0.291216 9
0.633226 0.615364 11
0.090296 0.244824 11
0.135259 0.070695 9
0.443444 0.675284 5
0.104988 0.331615 13
0.200607 0.055808 2
0.329450 0.877237 3
0.327628 0.199560 9
0.019216 0.021436 13
0.628633 0.413008 2
0.088315 0.423611 3
0.081499 0.034485 9
0.306725 0.674116 1
0.197911 0.334371 12
0.507985 0.111145 2
0.501622 0.826930 3
0.119539 0.106277 12
0.216196 0.000000 5
0.811890 0.703952 9
0.000000 0.304153 11
0.203241 0.136301 13
0.600367 0.660817 13
0.148906 0.254764 13
