n 1500
m 1
tmax 12.215830
0.789927 1.000000 0
1.000000 0.399558 9
0.708133 0.070943 4
1.000000 0.763699 3
0.767057 0.222618 9
1.000000 0.000000 0
0.559855 0.815545 4
0.496924 0.254707 0
0.802929 0.158601 6
1.000000 0.867142 0
0.535075 0.362489 3
1.000000 0.000000 0
1.000000 0.775467 4
0.662909 0.586918 5
1.000000 0.187124 1
1.000000 0.898153 2
0.518900 0.460306 4
0.886025 0.175839 2
0.646337 1.000000 2
0.340833 0.337232 3
0.749320 0.000000 3
0.817859 0.981549 5
0.449876 0.250209 3
0.939237 0.347314 9
0.712598 0.819027 5
0.456800 0.589603 3
0.922749 0.126362 3
1.000000 1.000000 3
0.343828 0.185388 2
0.801719 0.199064 4
0.845718 0.783804 3
0.639811 0.523938 4
0.978353 0.063757 3
0.377608 0.884911 2
0.635248 0.000000 0
0.881438 0.210846 0
1.000000 1.000000 3
1.000000 0.000000 0
0.950732 0.284737 8
1.000000 0.949984 2
0.807768 0.304941 5
0.719195 0.019387 2
1.000000 1.000000 3
0.696846 0.336145 8
0.922916 0.000000 2
0.697948 0.827308 4
0.432872 0.623950 4
0.940974 0.336620 4
0.832313 0.617450 5
0.259685 0.226023 1
0.647260 0.107112 6
0.887198 0.846898 4
0.526399 0.190878 4
0.968739 0.000000 5
0.843078 0.834415 1
0.777665 0.413392 0
0.843644 0.566549 1
0.989049 1.000000 3
0.986852 0.387735 4
0.626186 0.518314 4
0.747375 0.679697 4
0.613733 0.185082 5
0.286203 0.113491 3
0.986710 0.921873 0
1.000000 0.192257 4
0.657993 0.000000 1
0.715293 0.577028 4
0.535771 0.374538 1
1.000000 0.336265 5
0.948224 0.628323 1
0.750273 0.201644 4
0.752581 0.141194 7
0.753501 0.621442 5
0.727980 0.140264 9
1.000000 0.229242 5
0.847498 0.758836 2
1.000000 0.175243 1
1.000000 0.000000 4
0.915934 0.712200 5
0.586675 0.387917 0
0.710191 0.000000 0
0.859576 0.988262 5
0.860294 0.186483 5
1.000000 0.312765 7
1.000000 0.664078 4
0.598171 0.148184 5
0.799934 0.196985 7
1.000000 1.000000 5
0.707934 0.000000 5
0.547936 0.000000 3
0.346811 0.633633 1
0.537029 0.543009 1
0.918714 0.443259 7
0.978131 0.744533 1
0.586824 0.197969 9
0.888697 0.302603 4
0.939019 1.000000 2
0.308484 0.115901 4
1.000000 0.452732 5
0.671883 0.722906 5
1.000000 0.405409 4
0.810999 0.742764 4
1.000000 0.737510 4
0.756295 0.046589 5
1.000000 0.339726 4
0.677260 1.000000 3
0.588713 0.424164 5
0.718066 0.118190 5
0.546838 0.591623 3
0.677001 0.467224 3
0.735979 0.231489 4
0.744436 0.661062 3
0.665065 0.383062 2
1.000000 0.000000 4
0.746209 1.000000 3
0.615342 0.343745 0
0.868558 0.266093 2
1.000000 1.000000 3
1.000000 0.444520 7
0.648070 0.377589 0
0.728037 0.977681 0
0.707186 0.000000 5
0.914332 0.182436 0
0.838623 0.555171 3
0.442127 0.464507 4
0.732285 0.483005 5
0.765136 0.992409 3
0.737422 0.000000 0
0.974352 0.132103 5
1.000000 0.804927 0
0.524615 0.267861 2
0.842333 0.352046 9
0.887549 0.820393 5
0.570181 0.294412 5
0.948660 0.536617 7
0.891511 0.825367 1
0.256147 0.353875 4
0.844574 0.334588 9
0.842764 1.000000 1
0.241749 0.288177 1
1.000000 0.303037 5
0.784516 1.000000 0
0.415317 0.064650 5
0.515328 0.142199 5
1.000000 0.942256 4
0.624748 0.541974 2
1.000000 0.036959 4
0.963200 1.000000 5
0.425400 0.396725 5
0.960002 0.717989 3
0.851677 0.740031 0
0.838057 0.322639 5
1.000000 0.084604 4
1.000000 1.000000 2
0.605427 0.707998 0
0.750628 0.000000 3
0.963037 1.000000 5
0.529841 0.186422 3
0.763060 0.010248 5
0.578504 1.000000 5
0.771738 0.536587 1
1.000000 0.050501 1
0.888017 1.000000 2
0.211436 0.000000 3
0.615129 0.040264 4
1.000000 1.000000 1
0.992207 0.247163 7
0.767898 0.038970 5
1.000000 1.000000 1
0.560704 0.592013 2
0.561694 0.304296 3
0.709198 0.953719 2
0.950810 0.290112 5
0.813895 0.227022 6
0.967947 1.000000 1
0.684819 0.296572 6
0.884295 0.327963 6
0.968341 0.421164 5
0.693597 0.307487 5
1.000000 0.002500 4
0.742395 0.568143 0
0.596850 0.335128 3
0.503774 0.131393 4
1.000000 0.836876 5
0.296942 0.053168 3
0.715496 0.207127 8
0.911594 0.848595 4
0.443269 0.531954 1
0.823776 0.214136 6
1.000000 0.868466 1
0.706380 0.151918 8
1.000000 0.135463 5
0.973966 0.943021 1
0.663591 0.051607 0
0.856538 0.000000 2
0.444255 1.000000 2
0.679906 0.187036 5
0.598484 0.000000 3
1.000000 0.772243 4
0.440058 0.488842 5
0.944236 0.396590 7
0.927285 0.985699 0
0.730942 0.000000 4
0.947414 0.000000 0
0.786578 1.000000 3
0.796019 0.265356 8
0.441245 0.064417 0
1.000000 0.852211 0
0.762050 0.031458 2
0.364933 0.209686 0
0.617838 1.000000 2
0.710533 0.136337 6
1.000000 0.000000 0
0.473082 0.956321 1
0.883135 0.122701 2
0.970985 0.164520 1
0.967249 0.674310 4
0.554298 0.369212 3
0.733770 0.000000 1
1.000000 1.000000 5
0.458944 0.189583 0
0.825573 0.449814 1
0.895726 0.524743 3
0.406079 0.153403 1
0.871989 0.213794 5
1.000000 0.850058 2
0.607874 0.000000 1
0.953343 0.265207 6
0.564854 0.704780 4
0.767077 0.087795 6
1.000000 0.283809 7
0.889940 0.482785 4
0.351022 0.116393 5
0.830235 0.245102 9
0.828595 0.739741 2
0.948449 0.120389 3
0.859392 0.071479 5
0.814035 0.953620 2
0.517055 0.478048 0
1.000000 0.117858 5
1.000000 0.855155 3
0.756888 0.172596 9
0.883888 0.445195 8
1.000000 0.692558 5
0.577817 0.170176 7
1.000000 0.129285 0
0.522789 1.000000 0
0.793080 0.132693 9
1.000000 0.436522 5
0.990940 0.794710 5
0.563616 0.686428 2
0.721314 0.013629 1
0.871857 0.655576 2
0.325134 0.159903 1
1.000000 0.000000 4
1.000000 0.941496 2
0.783738 0.644229 1
1.000000 0.341272 6
1.000000 0.872760 5
0.617650 0.478565 3
1.000000 0.315231 9
0.675094 0.723427 1
0.918594 0.410742 5
0.875312 0.115411 3
0.813963 0.750263 1
0.455831 0.188761 4
0.657562 0.000000 2
0.709919 0.993392 3
0.375113 0.152703 0
1.000000 0.166228 4
1.000000 1.000000 0
0.645201 0.575593 5
0.530131 0.069323 0
1.000000 0.619914 2
0.505110 0.359531 4
0.894906 0.280347 5
1.000000 0.638759 4
0.577151 0.386925 1
1.000000 0.103447 2
1.000000 0.976403 1
0.456683 0.479404 3
0.921697 0.050860 4
0.974039 0.711611 1
0.644540 0.569244 2
0.847757 0.508521 3
0.863879 0.719699 0
1.000000 0.127971 0
0.840652 0.273864 4
0.859449 0.896581 3
0.719300 0.365115 2
1.000000 0.360794 9
0.975425 0.978275 2
0.533816 0.453715 4
0.934395 0.405669 5
1.000000 0.888068 2
0.736583 0.342257 7
1.000000 0.176621 1
0.602178 1.000000 1
0.697200 0.231428 6
1.000000 0.246675 9
0.793906 1.000000 4
0.486231 0.463100 1
0.541862 0.228245 1
0.966263 1.000000 0
0.719764 0.859454 0
0.959807 0.052074 2
0.796054 1.000000 2
0.475372 0.068180 0
0.910559 0.244595 3
1.000000 0.852605 3
0.586882 0.278931 3
1.000000 0.168986 4
0.715399 0.770509 0
0.667519 0.000000 3
1.000000 0.021823 1
1.000000 0.894830 2
0.730992 0.306756 9
1.000000 0.179925 2
0.599708 0.825623 5
0.462851 0.303367 5
1.000000 0.309796 9
1.000000 1.000000 1
0.438896 0.026565 2
0.940904 0.267776 4
0.746661 0.797743 4
0.471765 0.195741 5
0.981690 0.144925 3
0.348548 0.423139 0
0.457395 0.138337 4
0.854234 0.000000 3
0.573888 0.862373 4
0.342869 0.051399 3
1.000000 0.123332 3
1.000000 0.417305 7
0.950758 0.297376 7
1.000000 0.349804 7
0.891751 0.757173 2
0.645730 0.424491 4
1.000000 0.057645 0
0.678851 0.809581 5
0.675307 0.315319 6
1.000000 0.240929 3
0.824220 0.845973 2
0.495434 0.000000 4
1.000000 0.250466 4
1.000000 0.721432 2
0.779237 0.000000 2
0.743872 0.000000 1
0.969686 1.000000 4
0.516356 0.396637 5
0.908051 0.614896 0
0.704391 1.000000 4
0.819631 0.000000 1
0.948565 0.392214 6
0.961010 1.000000 5
0.625736 0.278652 4
0.760863 0.433553 4
0.407214 0.909114 2
0.453457 0.271857 3
1.000000 0.321199 9
0.755985 0.529983 0
0.509657 0.327984 3
1.000000 0.000000 4
1.000000 0.955753 2
0.225818 0.228043 3
1.000000 0.275190 5
0.929669 0.888265 2
0.306489 0.304023 1
0.497861 0.000000 3
1.000000 1.000000 4
1.000000 0.589992 2
0.963191 0.000000 2
0.868232 1.000000 5
0.443333 0.368615 1
1.000000 0.527915 5
0.798214 0.969125 3
0.547081 0.065362 4
0.888295 0.235673 1
0.920215 0.959274 0
0.496371 0.441201 2
0.988507 0.000000 3
0.810233 0.770754 4
0.182870 0.268289 1
0.761551 0.240530 9
1.000000 1.000000 1
0.695343 0.569820 3
1.000000 0.174083 0
0.930978 0.827993 3
0.592481 0.444558 5
1.000000 0.272188 5
1.000000 1.000000 2
0.690043 0.207407 7
1.000000 0.050971 0
1.000000 1.000000 4
0.688542 0.011976 3
0.691403 0.000000 1
0.920665 1.000000 4
0.936578 0.285911 4
0.938624 0.254683 4
1.000000 0.642276 3
0.625869 0.166993 8
1.000000 0.109105 3
0.437704 1.000000 4
1.000000 0.118534 5
0.925691 0.102121 3
0.721085 0.908919 2
0.840386 0.526979 4
0.721131 0.179009 5
1.000000 0.916400 1
0.425344 0.379291 1
1.000000 0.246441 5
0.617719 0.745998 3
0.963696 0.281493 9
1.000000 0.206346 3
0.742834 0.813387 4
0.484575 0.388969 5
1.000000 0.010275 0
0.956663 1.000000 4
0.654617 0.257093 9
1.000000 0.342849 5
0.704374 1.000000 1
0.765185 0.380211 4
0.672870 0.222796 5
0.835454 1.000000 0
0.671510 0.028105 4
0.896134 0.188285 5
0.783046 0.418086 2
0.948544 0.025323 1
0.984786 0.041532 1
0.803268 1.000000 0
0.728907 0.198367 7
0.953916 0.118919 0
1.000000 1.000000 3
0.767940 0.659261 5
0.935143 0.457956 6
1.000000 1.000000 1
0.560148 0.461642 1
0.835667 0.386155 7
0.737090 0.762633 0
0.577521 0.000000 0
0.773557 0.330748 9
0.849754 0.832401 3
0.894931 0.158042 0
1.000000 0.405466 5
1.000000 1.000000 3
0.494190 0.216396 5
0.750044 0.320914 7
1.000000 0.956843 3
0.734246 0.258577 7
0.710595 0.276812 5
1.000000 0.902443 3
0.345790 0.290643 3
0.962137 0.012210 4
0.692773 1.000000 1
0.838177 0.343886 5
0.924099 0.337414 8
0.732424 0.975131 3
0.545798 0.016119 4
1.000000 0.024490 4
0.914027 0.623646 2
1.000000 0.316908 4
0.880212 0.589393 4
1.000000 0.806901 3
0.384633 0.525573 4
0.699641 0.016008 1
0.823356 0.750521 3
0.494226 0.221121 0
1.000000 0.284864 5
0.378388 0.832885 2
0.685402 0.002567 5
0.791753 0.119481 9
1.000000 1.000000 3
0.872333 0.595736 5
1.000000 0.150323 2
1.000000 1.000000 3
0.583311 0.372855 4
0.728852 0.427110 5
1.000000 1.000000 0
0.881455 0.297484 5
0.682212 0.491186 4
0.848511 0.734717 5
1.000000 0.098702 1
0.914910 0.000000 3
0.709011 0.845706 0
0.616301 0.000000 4
0.668470 0.021462 4
0.789627 0.689675 4
0.686754 0.425310 0
0.788218 0.279929 6
0.778600 0.900186 1
0.315020 0.484861 5
0.973767 0.000000 2
0.745035 0.752086 2
0.418983 0.321664 5
1.000000 0.020594 3
1.000000 0.839644 3
0.675009 0.633330 2
1.000000 0.000000 2
0.837571 1.000000 1
0.628115 0.371251 5
1.000000 0.089572 2
1.000000 0.855152 3
0.975790 0.601189 4
0.511782 0.126550 0
0.761455 0.781505 3
0.482258 0.436672 2
0.765747 0.288922 4
0.932345 0.842742 5
0.921880 0.067565 5
1.000000 0.026757 3
1.000000 1.000000 5
0.426157 0.328206 3
0.810687 0.020047 1
0.967166 0.811625 5
0.575773 0.311711 4
0.926438 0.177091 5
1.000000 0.478576 9
0.587984 0.232582 9
0.794082 0.153004 6
0.791505 1.000000 0
0.842509 0.215658 6
0.957135 0.000000 0
0.751482 0.863960 4
0.708943 0.228757 9
0.886738 0.048040 3
1.000000 0.777180 4
0.452144 0.083234 3
0.831055 0.241851 8
0.910682 0.821354 5
0.690443 0.623111 3
0.571401 0.151843 3
1.000000 0.988718 0
0.542476 0.442846 2
1.000000 0.590592 3
1.000000 0.831079 1
0.189368 0.436943 2
1.000000 0.572740 0
0.897620 1.000000 0
0.289149 0.057068 3
0.983150 0.071917 2
0.821332 1.000000 1
0.542764 0.123901 2
0.867332 0.000000 5
1.000000 0.748481 3
0.576799 0.175575 8
0.859450 0.168253 7
0.829731 0.949697 1
0.879950 0.137067 4
0.912940 0.000000 4
0.746082 0.903807 0
0.725681 0.027942 1
0.820129 0.000000 4
0.765312 0.872844 4
0.524258 0.460809 4
1.000000 0.133831 0
0.773521 0.688566 4
0.714210 0.226689 8
0.626039 0.195429 9
0.910460 1.000000 5
0.340913 0.363523 2
1.000000 0.204029 3
0.874718 0.715043 0
0.850077 0.020749 4
1.000000 0.157349 4
1.000000 0.699254 5
0.949666 0.025281 3
0.568019 0.320012 4
0.827418 0.914858 1
0.724331 0.622867 0
0.965292 0.000000 0
0.612581 0.540854 5
0.742279 0.000000 5
0.742631 0.300497 9
1.000000 0.493650 6
0.574989 0.153730 3
0.960511 0.000000 3
0.855942 1.000000 0
0.377405 0.150460 3
1.000000 0.031829 3
0.757363 1.000000 3
0.466609 0.139535 5
0.510130 0.451064 5
0.866506 0.922408 4
0.646632 0.573882 0
0.865987 0.223310 5
0.874006 0.811921 3
0.640575 0.724689 4
1.000000 0.172129 1
1.000000 1.000000 2
0.632761 0.117293 9
0.901400 0.027666 2
0.474804 0.809124 3
0.752955 0.577682 5
1.000000 0.249404 9
1.000000 1.000000 2
0.313349 0.674746 5
0.849679 0.348748 5
0.721603 0.497655 3
0.774557 0.174703 4
1.000000 0.226406 4
1.000000 0.805821 2
0.600196 0.433834 2
0.984193 0.046331 1
0.687755 0.720693 5
0.752737 0.400632 4
0.948187 0.288564 9
0.958819 0.863566 5
0.868160 0.475941 4
1.000000 0.000000 1
0.679451 0.737918 4
0.397875 0.003683 5
0.608301 0.000000 1
0.973485 0.902977 1
0.734778 0.109634 5
0.563963 0.125356 4
1.000000 0.517864 6
0.945190 0.089318 3
0.756317 0.055384 7
1.000000 0.685135 0
0.472782 0.370032 1
0.981294 0.522505 5
1.000000 0.635456 4
0.712860 0.417727 5
0.782236 0.171272 6
0.912696 0.447888 4
0.889373 0.581644 1
0.851226 0.078319 2
0.693914 0.845055 3
0.613175 0.218614 8
1.000000 0.359336 6
0.844188 0.748828 5
0.676995 0.311679 7
0.805918 0.000000 2
0.738287 0.890551 1
1.000000 0.020233 3
1.000000 0.247835 5
1.000000 0.941246 0
0.420233 0.705058 1
0.645593 0.013701 3
0.907611 0.915632 0
0.649279 0.182650 5
1.000000 0.357995 4
0.670510 1.000000 5
0.523371 0.633934 2
0.573175 0.181043 4
0.827294 0.532266 0
0.496871 0.000000 2
0.784959 0.180195 8
0.514138 0.767181 5
0.886855 0.128686 4
0.689995 0.000000 2
1.000000 1.000000 1
0.746255 0.083314 6
1.000000 0.035985 4
0.593875 0.946867 3
0.524772 0.449684 3
0.875298 0.230998 5
1.000000 0.719286 4
0.534540 0.199354 4
1.000000 0.093385 1
0.727960 0.777202 1
0.493969 0.132988 0
1.000000 0.000000 5
0.871501 0.512892 3
0.762989 0.492893 2
1.000000 0.032722 0
0.756291 1.000000 0
0.649070 0.195243 8
1.000000 0.219481 1
0.908890 0.569836 5
0.493170 0.080892 1
1.000000 0.000000 5
1.000000 0.872529 2
0.739466 0.159184 7
0.779140 0.352956 3
0.921973 0.691755 2
0.464412 0.000000 0
0.566034 0.000000 3
0.629946 1.000000 0
0.619478 0.229774 7
1.000000 0.320866 7
1.000000 0.897748 5
0.152777 0.344903 2
0.895045 0.359350 9
1.000000 1.000000 4
0.267299 0.238477 0
0.991501 0.000000 1
0.982050 0.453356 9
0.562595 0.078833 1
0.807431 0.441171 4
0.791429 0.608685 5
0.805633 0.097494 6
0.676177 0.353122 0
0.992585 0.758367 1
0.446090 0.386999 5
1.000000 0.000000 1
1.000000 0.909172 5
0.675453 0.313201 7
0.727923 0.000000 0
0.974559 0.953536 2
0.570525 0.025307 2
1.000000 0.517868 6
0.934516 0.683005 4
0.805888 0.614229 0
1.000000 0.201561 0
0.821481 0.853000 2
0.805631 0.092828 4
1.000000 0.194393 5
0.804448 1.000000 5
0.837182 0.093222 5
0.755430 0.275772 6
0.722558 0.601523 2
0.600019 0.375057 3
1.000000 0.025099 2
1.000000 0.963787 1
0.510554 0.170172 3
1.000000 0.246554 6
0.676436 0.923645 0
0.402039 0.133708 5
0.394521 0.000000 0
0.862624 0.566938 2
0.505393 0.245258 4
0.895350 0.000000 0
0.922898 1.000000 3
0.901943 0.551481 2
0.768830 0.169548 6
0.960481 0.438121 4
0.724245 0.479676 2
0.980825 0.105889 1
0.671867 0.937143 5
0.794676 0.116422 7
1.000000 0.290545 5
0.992749 0.940367 4
0.810456 0.115104 6
0.901714 0.012503 0
1.000000 0.498729 5
0.619104 0.376707 3
0.670631 0.553565 1
0.737719 0.960243 3
0.648323 0.347656 0
1.000000 0.279411 6
0.896889 1.000000 2
0.564899 0.158650 4
0.870162 0.204305 8
0.456537 0.903098 0
0.651392 0.169316 7
0.757870 0.056461 5
0.887340 0.591759 0
0.602066 0.205178 5
1.000000 0.371966 7
1.000000 0.989232 2
0.814742 0.210338 6
0.688158 0.000000 5
0.384812 0.484470 5
0.895900 0.541248 2
0.857433 0.000000 1
0.987847 0.714290 2
0.729898 0.251595 4
0.789874 0.488168 4
0.525491 1.000000 0
0.438526 0.337399 0
0.570951 0.352907 2
0.722261 0.784836 5
0.394482 0.000000 5
0.837968 0.386649 8
0.572683 0.733163 2
0.781701 0.127741 5
0.446342 0.169115 3
0.630340 0.722815 3
0.402901 0.511420 3
1.000000 0.076047 5
0.717382 0.830632 4
0.657258 0.257506 5
0.763780 0.268611 4
1.000000 1.000000 1
0.412226 0.000000 5
0.788874 0.058335 4
0.739533 0.982926 2
0.686655 0.211048 6
1.000000 0.512453 6
1.000000 0.693596 1
0.539721 0.000000 5
1.000000 0.341266 8
1.000000 1.000000 2
0.387007 0.153434 5
0.598552 0.290496 0
1.000000 0.589252 5
0.562811 0.305031 3
1.000000 0.129325 2
0.825621 0.551607 2
1.000000 0.383419 6
1.000000 0.300459 5
0.666137 1.000000 4
0.543963 0.507652 3
1.000000 0.033423 4
1.000000 1.000000 0
0.569162 0.388474 5
0.906520 0.020416 1
0.524078 1.000000 3
0.701673 0.181021 5
1.000000 0.462102 7
1.000000 0.975303 3
0.807390 0.539688 1
1.000000 0.281681 9
0.809500 0.761668 5
0.454014 0.506715 5
0.934548 0.336816 4
1.000000 1.000000 5
0.518051 0.274482 5
0.962949 0.421758 8
0.867792 1.000000 2
0.777404 0.345802 3
1.000000 0.295240 5
0.787977 0.903320 0
0.973043 0.165897 0
1.000000 0.109366 5
0.973786 0.611282 1
0.608790 0.393425 4
1.000000 0.000000 3
0.996113 0.798971 0
0.658523 0.121821 6
0.973931 0.074848 3
0.780567 1.000000 3
0.596842 0.437579 5
1.000000 0.340925 9
1.000000 0.679053 4
0.682716 0.354334 1
1.000000 0.000000 1
1.000000 1.000000 5
0.662653 0.000000 0
0.686605 0.137564 7
0.757482 0.706264 4
0.869661 0.537338 3
0.672385 0.498728 2
0.750371 1.000000 4
0.688325 0.481121 5
0.993033 0.103434 2
1.000000 1.000000 0
0.438126 0.000000 5
0.983325 0.257475 4
0.795587 1.000000 0
1.000000 0.489477 5
0.752858 0.000000 1
0.666984 0.871414 5
0.764453 0.031437 4
1.000000 0.000000 4
0.819359 1.000000 0
0.700269 0.055428 6
0.785159 0.036539 1
0.553858 0.809695 5
0.695807 0.146712 8
1.000000 0.249358 4
0.961917 0.856441 1
0.863376 0.309672 8
0.739668 0.176338 4
1.000000 0.943959 4
0.581058 0.000000 2
0.843676 0.275841 5
0.667680 0.786182 5
0.468791 0.142194 2
0.727944 0.031362 2
1.000000 0.620697 3
0.472729 0.189618 0
0.709359 0.000000 0
0.727628 0.922497 1
0.355052 0.064926 4
1.000000 0.023835 1
1.000000 0.848246 3
0.721700 0.115800 9
1.000000 0.095898 2
0.721217 0.595953 2
0.495015 0.108734 5
1.000000 0.284849 8
1.000000 0.613572 0
0.378160 0.172043 5
0.736687 0.000000 3
0.857549 0.886383 5
0.674649 0.312876 8
1.000000 0.395522 7
1.000000 0.738176 1
0.531879 0.507224 1
0.943150 0.141764 4
0.827489 1.000000 3
0.682706 0.000000 5
1.000000 0.547272 0
0.932913 1.000000 4
0.727011 0.409812 5
0.518099 0.297191 0
0.611133 0.734424 2
0.929534 0.250188 0
0.864793 0.121117 2
0.813642 0.888548 4
0.472776 0.067407 0
0.755681 0.217817 5
0.965789 0.656215 1
0.285740 0.221598 5
0.913955 0.214120 5
0.753689 0.701008 4
0.376896 0.254904 3
0.751285 0.000000 2
0.908044 0.778666 2
0.770996 0.168397 9
1.000000 0.166434 2
0.567984 1.000000 0
0.740962 0.380252 3
1.000000 0.114757 5
0.831094 0.840601 5
0.687653 0.544202 1
0.749620 0.367746 4
0.468420 0.952247 5
0.945610 0.445080 5
0.872274 0.034985 4
1.000000 0.629286 3
0.356764 0.277038 3
1.000000 0.246108 7
1.000000 0.926796 4
0.773089 0.079107 8
0.606789 0.199224 5
1.000000 0.802481 4
0.422548 0.316163 2
1.000000 0.000000 4
0.910482 0.703326 1
0.685092 0.105634 5
0.557878 0.094062 4
0.885735 0.838172 4
0.799369 0.315054 8
1.000000 0.000000 4
0.925180 0.720037 5
0.647317 0.301219 4
0.633896 0.251224 8
0.855766 0.910607 0
0.796251 0.663965 3
1.000000 0.284964 6
1.000000 0.841339 5
0.620578 0.470399 3
0.808341 0.225920 5
0.993471 0.927686 0
0.409834 0.000000 3
1.000000 0.126770 1
0.835254 0.635033 1
0.709794 0.077061 6
1.000000 0.478413 6
1.000000 0.957062 0
0.597231 0.314449 2
1.000000 0.000000 4
0.897391 0.953844 0
0.883998 0.525232 4
0.684451 0.370418 4
1.000000 0.848026 3
0.892574 0.359923 4
0.917105 0.270057 7
1.000000 0.600717 0
0.533212 0.496202 2
1.000000 0.080070 4
1.000000 0.920337 5
0.395707 0.282876 5
1.000000 0.069751 1
0.911073 0.645100 1
0.686540 0.000000 3
1.000000 0.202105 5
1.000000 0.917559 4
0.501571 0.000000 2
0.990236 0.341819 9
0.661706 0.681457 2
0.840190 0.230274 7
0.686723 0.184889 7
0.577710 0.628497 2
1.000000 0.583629 0
0.885893 0.000000 1
0.817915 0.802299 4
0.747772 0.407555 3
1.000000 0.017961 5
0.974007 0.978425 4
0.666119 0.593489 1
0.326957 0.319252 2
0.446771 0.930871 0
0.970762 0.437153 4
1.000000 0.324743 5
0.927546 0.854962 0
0.237543 0.000000 0
0.868713 0.165172 5
1.000000 0.908878 3
0.293538 0.395680 1
1.000000 0.124215 4
0.736790 1.000000 2
1.000000 0.267761 6
0.786998 0.417966 1
0.764269 0.665777 5
0.899608 0.013297 1
0.912330 0.000000 1
0.919104 0.892791 3
0.868682 0.292318 7
0.765759 0.050539 7
0.864815 0.849432 4
0.328770 0.000000 0
1.000000 0.147583 1
0.777323 0.606017 5
0.769385 0.015378 5
1.000000 0.373284 5
0.850294 0.559761 2
0.748851 0.612425 5
0.576842 0.298138 3
0.705046 1.000000 1
0.841525 0.000000 1
0.887915 0.657537 3
0.831988 0.992027 3
0.865970 0.137092 1
1.000000 0.175415 5
1.000000 1.000000 4
0.687869 0.456278 2
0.976841 0.218384 3
1.000000 0.819402 3
0.945566 0.193253 4
1.000000 0.148402 2
1.000000 1.000000 3
0.703700 0.263745 5
0.833567 0.122109 9
1.000000 0.624007 5
0.752602 0.377752 1
0.538778 0.003159 0
1.000000 0.941414 1
0.560076 0.149325 3
0.721643 0.436533 5
0.766521 1.000000 5
0.647366 0.222842 6
0.775139 0.263147 5
0.739191 0.886415 2
0.491059 0.247739 2
0.856568 0.494296 2
0.725203 1.000000 4
0.299823 0.130682 1
1.000000 0.000000 1
0.958631 0.687650 2
0.824080 0.019142 5
1.000000 0.234641 5
0.715584 0.615991 3
0.547510 0.311131 4
0.770168 0.610352 5
1.000000 1.000000 1
0.325698 0.064573 4
1.000000 0.210683 2
0.969553 1.000000 4
0.529495 0.272531 1
1.000000 0.187824 4
1.000000 0.939046 3
0.706603 0.000000 4
1.000000 0.122133 0
1.000000 0.615783 4
0.927672 0.364393 5
1.000000 0.243010 4
0.920540 0.936865 1
0.569004 0.267478 3
1.000000 0.330339 6
0.850414 0.908273 3
0.800884 0.442208 2
0.646201 0.018370 3
0.978878 1.000000 3
0.342850 0.381217 4
0.874828 0.000000 5
0.642728 1.000000 1
0.697874 0.106336 7
1.000000 0.000000 4
0.861071 1.000000 3
0.490155 0.347597 0
0.969717 0.193791 2
0.924809 0.938012 1
0.327933 0.054615 3
0.755271 0.268352 4
1.000000 0.685353 1
0.631466 0.315580 4
0.968263 0.345187 5
1.000000 0.571908 5
0.609234 0.155520 9
1.000000 0.031336 1
0.924149 0.441527 9
0.593920 0.218453 8
0.882630 0.000000 5
1.000000 0.806897 3
0.637268 0.194242 4
1.000000 0.265576 8
1.000000 1.000000 1
0.530099 0.440860 1
1.000000 0.371487 6
0.815882 0.788040 1
0.613871 0.404677 3
1.000000 0.583492 3
0.592857 0.982310 0
0.580250 0.000000 3
1.000000 0.068110 0
1.000000 0.848976 0
0.628961 0.017635 3
1.000000 0.174293 2
0.867069 0.825206 1
0.584581 0.204446 9
0.856995 0.000000 3
0.775080 1.000000 5
0.494882 0.000000 2
0.932435 0.238893 3
1.000000 1.000000 2
0.919736 0.066754 3
1.000000 0.083659 2
1.000000 0.839160 3
0.839960 0.000000 3
1.000000 0.202548 0
0.974531 0.959435 3
0.669639 0.475905 4
0.630071 0.394916 1
1.000000 0.835999 0
0.401381 0.028461 2
1.000000 0.049540 1
1.000000 0.882184 1
0.702561 0.248227 8
0.749156 0.436102 1
0.819859 0.953794 1
0.470161 0.460857 5
0.548487 0.084270 5
0.991665 0.975106 0
0.710168 0.123347 7
0.640632 0.212472 9
0.870792 0.730512 2
0.930734 0.134032 1
1.000000 0.588947 0
0.603580 0.552848 3
0.835158 0.162108 9
0.791816 0.000000 0
0.871819 1.000000 3
0.694287 0.068750 7
1.000000 0.202628 0
0.912453 1.000000 3
0.202541 0.501023 0
0.650831 0.293021 4
0.885343 0.619607 3
0.645565 0.674977 0
1.000000 0.358104 8
0.868148 1.000000 0
0.495848 0.245917 0
0.731345 0.000000 1
0.926492 0.944965 4
0.906802 0.127039 4
0.935194 0.000000 0
1.000000 0.881313 5
0.725147 0.273556 8
1.000000 0.000000 1
0.356669 0.984055 5
0.753022 0.525529 2
0.935475 0.070368 0
0.982935 0.976563 0
0.844654 0.159923 6
0.966824 0.131864 5
0.658902 1.000000 3
0.751395 0.556005 4
0.834333 0.179100 5
1.000000 0.934324 3
0.753685 0.219637 5
0.703871 0.249232 5
0.990438 0.546825 5
0.728377 0.000000 2
0.732456 0.000000 0
0.873359 0.682100 3
0.317018 0.180315 4
1.000000 0.071203 2
0.571655 0.646237 1
0.682255 0.458804 2
1.000000 0.404759 5
0.565971 0.852955 2
0.660626 0.346372 2
1.000000 0.269360 7
0.884336 0.919004 2
0.921412 0.353363 7
0.733053 0.115789 4
0.849030 1.000000 4
0.885198 0.000000 3
1.000000 0.201121 4
1.000000 0.890682 1
0.594410 0.477604 3
0.970990 0.008407 2
0.890237 0.788769 5
0.694425 0.375203 0
1.000000 0.219897 3
0.951781 0.573950 4
0.333454 0.056720 3
1.000000 0.532357 9
0.582757 0.771467 3
0.834657 0.176832 9
1.000000 0.391218 6
0.701966 0.781802 4
0.811884 0.142459 8
0.732253 0.394875 0
0.639891 1.000000 3
0.547523 0.031940 3
1.000000 0.284254 4
0.851237 0.928586 0
0.572413 0.076054 1
0.876113 0.562776 4
0.848388 0.950231 0
0.666099 0.138687 4
0.971190 0.249254 6
0.939324 0.675821 4
0.390083 0.668100 4
0.709188 0.411351 3
0.632147 0.850522 2
0.629796 0.271547 9
1.000000 0.192582 0
0.716596 0.858375 1
0.386567 0.136725 4
0.787595 0.000000 4
0.637448 0.622818 2
0.686566 0.459184 1
0.890654 0.272701 9
1.000000 0.775227 4
0.735490 0.316524 6
1.000000 0.248568 7
0.836532 0.627563 5
0.658435 0.640069 1
0.966566 0.071928 0
0.874861 0.852769 1
0.553278 0.443782 5
0.816353 0.132751 8
0.907200 0.607433 4
0.753795 0.224836 9
0.952365 0.000000 0
0.386831 0.764003 2
0.548200 0.160603 3
0.910740 0.000000 2
0.346068 0.902862 2
0.464794 0.099773 3
0.546375 0.221859 1
0.993075 1.000000 0
0.844418 0.314916 0
0.952381 0.387635 7
1.000000 0.712580 2
0.653090 0.400221 0
0.592218 0.636129 2
1.000000 0.909838 4
0.484239 0.192706 1
0.750912 0.033607 2
0.852208 0.501185 5
0.518549 0.395972 0
0.955507 0.172754 0
0.654029 1.000000 5
0.439552 0.400181 2
0.989504 0.000000 0
1.000000 0.736661 3
0.801876 0.254374 6
0.879940 0.341561 6
1.000000 1.000000 5
0.858269 0.213807 4
0.982429 0.360199 6
1.000000 0.795169 5
0.797883 0.548570 4
0.957993 0.283297 7
0.617904 0.841650 1
0.780529 0.470736 3
0.727619 0.441908 3
1.000000 0.879223 2
0.518173 0.278206 2
0.885697 0.076587 5
0.665057 1.000000 1
0.265099 0.311711 2
1.000000 0.328351 6
0.752810 0.887828 3
0.660830 0.197906 5
1.000000 0.148762 2
1.000000 0.892480 1
0.779713 0.325325 5
1.000000 0.060954 3
0.918224 0.754678 1
0.508184 0.390868 1
0.812020 0.031538 3
1.000000 1.000000 1
0.586165 0.512084 3
0.975355 0.355114 6
0.507674 0.955980 0
0.597366 0.020208 3
0.718305 0.181046 9
0.706392 0.876130 4
0.810567 0.343044 3
0.705208 0.434073 2
0.904373 1.000000 3
0.514034 0.000000 2
0.880700 0.295962 6
0.811145 1.000000 2
0.836282 0.507192 1
0.953736 0.072912 0
0.773780 0.838354 2
0.799711 0.227556 4
1.000000 0.362999 5
0.910785 1.000000 4
0.769771 0.075082 7
0.902565 0.117287 4
0.797554 0.566423 0
0.577293 0.346741 3
1.000000 0.245392 9
0.920596 1.000000 0
0.552845 0.332790 2
0.852889 0.326305 5
1.000000 0.667504 1
0.191083 0.435391 1
0.954394 0.229802 2
1.000000 1.000000 4
0.444583 0.486770 4
1.000000 0.015996 4
1.000000 0.222322 2
0.756251 0.273454 6
1.000000 0.025326 0
0.558767 0.826135 4
0.296249 0.143812 2
1.000000 0.378643 8
0.757855 0.962465 3
0.545169 0.162945 2
0.932345 0.070475 5
1.000000 0.585605 0
0.976453 0.109844 3
1.000000 0.009704 1
0.933764 0.763128 5
0.707170 0.396899 2
0.723736 0.192988 7
0.953841 0.995537 0
0.807568 0.261252 9
0.678433 0.507316 4
1.000000 0.876759 4
0.733938 0.183568 5
0.979624 0.078618 2
0.893623 1.000000 2
0.657409 0.212179 6
1.000000 0.000000 0
0.784515 0.466583 4
0.696885 0.329376 5
0.869441 0.109890 4
0.896690 0.892509 1
0.469051 0.651567 0
0.931267 0.107576 0
0.856418 0.652144 2
0.964815 0.052257 5
1.000000 0.084946 3
0.869337 0.614977 2
0.582186 0.325988 4
1.000000 0.276953 6
1.000000 0.802669 3
0.477092 0.000000 1
1.000000 0.196459 4
0.642644 0.986948 3
0.756765 0.138203 4
0.985200 0.000000 3
0.852796 0.902910 2
0.732318 0.012487 0
1.000000 0.192187 3
0.735489 1.000000 4
0.693164 0.249789 6
1.000000 0.417300 4
1.000000 1.000000 2
0.606127 0.636325 5
0.955898 0.190638 1
0.859281 0.851162 2
0.781897 0.653795 0
0.976031 0.392822 4
0.946788 0.919053 3
0.844608 0.610664 0
1.000000 0.000000 1
0.814660 0.818563 3
0.502612 0.537573 5
0.612999 0.581290 2
0.958017 0.617913 1
0.756691 0.371741 4
0.751707 0.000000 0
0.649677 0.703126 0
0.520428 0.194850 4
0.968190 0.440560 8
0.901868 0.735404 1
0.858398 0.541780 3
1.000000 0.000000 5
0.994503 0.655201 2
0.848632 0.374185 8
1.000000 0.297105 8
1.000000 1.000000 3
0.420148 0.482434 2
1.000000 0.128037 1
0.807744 0.716100 3
0.700157 0.348018 5
1.000000 0.468716 7
0.814060 0.887834 3
0.434973 0.256082 5
0.992435 0.000000 4
0.449456 0.630561 5
0.260564 0.100232 5
0.973072 0.415693 8
0.879592 0.733740 2
0.657062 0.435270 0
0.377311 0.000000 0
0.951493 1.000000 1
0.711580 0.298207 6
1.000000 0.292508 9
0.758712 0.752538 5
0.541209 0.237786 2
0.858440 0.349496 4
0.925018 0.688489 2
0.858123 0.491772 2
0.834327 0.183955 7
1.000000 1.000000 4
0.345660 0.281959 2
1.000000 0.000000 4
0.952878 0.484885 9
0.641162 0.061055 0
0.823658 0.299235 8
0.962342 0.849089 4
0.708786 0.156056 7
0.784254 0.231507 5
0.755925 0.905340 3
0.345972 0.219327 2
0.784877 0.265861 5
0.691995 1.000000 5
0.483633 0.615798 1
0.919216 0.619808 2
1.000000 0.719956 3
0.465314 0.272950 0
0.911193 0.195118 0
0.724905 0.747002 1
0.696611 0.141067 7
1.000000 0.182133 4
1.000000 0.658908 0
0.811717 0.534225 1
0.870435 0.200965 6
1.000000 0.767584 1
0.570013 0.251359 0
0.994396 0.131040 2
1.000000 1.000000 4
0.989065 0.169213 0
0.734506 0.493632 0
0.853312 0.711210 4
0.679467 0.454350 0
0.606172 0.108906 7
0.831624 0.806154 5
0.822215 0.111738 7
0.966080 0.163793 1
0.990801 0.911696 5
0.663739 0.423076 4
1.000000 0.000000 1
1.000000 0.904254 5
0.605745 0.410165 3
0.966474 0.289611 6
0.740882 0.854116 2
0.689055 0.092231 4
0.810784 0.256279 9
0.899950 1.000000 3
0.284584 0.545091 2
0.846334 0.000000 2
1.000000 0.928932 3
1.000000 0.482072 5
0.576825 0.000000 3
0.702499 1.000000 5
0.512061 0.594308 3
0.975052 0.484563 7
1.000000 0.381269 8
0.738460 0.511740 5
1.000000 0.160483 2
0.851132 0.863964 1
0.498553 0.404360 0
0.612576 0.302647 3
1.000000 0.976560 0
0.745006 0.494655 3
0.584115 0.233916 8
0.571375 0.692891 5
0.914448 0.131807 4
1.000000 0.000000 5
0.895791 0.999779 3
0.927339 0.594678 4
0.936239 0.000000 1
1.000000 0.841289 2
0.510853 0.458438 0
0.886564 0.225020 4
0.995918 1.000000 3
0.578131 0.312743 2
0.937750 0.174385 1
0.801279 1.000000 1
0.735276 0.323028 8
0.288195 0.115260 4
0.961565 0.771605 2
0.737247 0.145398 9
0.864908 0.206082 8
0.478304 0.877697 3
0.673842 0.045030 4
0.930358 0.304596 6
0.858730 0.990943 5
0.704025 0.141585 7
1.000000 0.423794 4
0.936162 1.000000 0
0.735468 0.000000 2
1.000000 0.176424 1
0.657602 0.979569 3
0.732707 0.242679 8
0.919754 0.001603 0
0.653790 1.000000 1
0.533727 0.255125 1
0.998888 0.116838 3
1.000000 1.000000 3
0.572466 0.314796 1
0.971041 0.169291 3
0.881888 0.722381 1
0.475380 0.626901 3
1.000000 0.296291 7
