n 250
m 1
tmax 8.863186
0.817125 0.240595 0
0.752360 0.678391 2
0.672463 0.704578 3
0.743754 0.520431 3
0.243003 0.162216 3
0.514678 0.104514 2
0.196519 0.475034 3
0.092380 0.788051 2
0.010703 0.879063 2
0.810080 0.415017 1
0.425811 0.120373 3
0.353323 0.536430 4
0.438917 0.041906 3
0.147524 0.691565 1
0.847055 0.469906 3
0.397444 0.201695 1
0.026152 0.117477 3
0.375254 0.820952 2
0.950370 0.686197 3
0.710062 0.959093 2
0.621948 0.487403 1
0.403490 0.172073 2
0.582528 0.723515 1
0.204939 0.113254 2
0.672692 0.147318 1
0.543961 0.103098 1
0.007228 0.645012 3
0.693383 0.250530 3
0.395647 0.087671 3
0.098603 0.978273 1
0.123931 0.560471 2
0.805421 0.856507 3
0.714901 0.243286 3
0.876815 0.755278 2
0.448530 0.914132 2
0.064290 0.443305 1
0.367994 0.119974 3
0.515741 0.511072 3
0.854319 0.547580 1
0.323319 0.807722 1
0.765807 0.923530 3
0.704498 0.113670 3
0.907513 0.485245 3
0.577520 0.626903 2
0.860735 0.171856 5
0.784505 0.247841 2
0.355581 0.576801 5
0.297689 0.593957 4
0.102996 0.152378 1
0.542941 0.877562 3
0.765015 0.084277 4
0.914689 0.211603 5
0.336816 0.297565 2
0.122992 0.164611 2
0.574753 0.921545 1
0.041119 0.496835 3
0.757840 0.892768 1
0.838514 0.010103 4
0.443792 0.376011 3
0.452254 0.614781 1
0.106361 0.830632 2
0.408632 0.704861 1
0.821601 0.200554 4
0.767621 0.155186 4
0.563054 0.169624 2
0.560792 0.082434 3
0.942698 0.922222 2
0.112801 0.379300 2
0.185399 0.174704 3
0.611571 0.630969 1
0.120198 0.946828 3
0.287212 0.989276 3
0.285205 0.072246 3
0.280587 0.015705 2
0.063954 0.595982 2
0.820436 0.463559 2
0.702920 0.853771 2
0.283273 0.920768 2
0.067027 0.032132 1
0.447840 0.246434 1
0.518407 0.802760 2
0.047362 0.694750 3
0.821346 0.730380 3
0.305370 0.290082 1
0.224081 0.619461 4
0.737498 0.168856 2
0.253920 0.640556 5
0.786603 0.751448 3
0.209475 0.036262 1
0.926461 0.754583 3
0.760894 0.910848 3
0.114658 0.353891 1
0.221929 0.046581 2
0.934011 0.904552 3
0.016455 0.519541 2
0.789736 0.131319 4
0.502008 0.296389 1
0.945714 0.707958 1
0.788260 0.518025 3
0.700965 0.344221 1
0.043709 0.055473 3
0.131421 0.231530 3
0.881811 0.203693 6
0.160350 0.031560 2
0.798766 0.483433 3
0.152123 0.775868 3
0.092098 0.157863 1
0.236110 0.641416 6
0.782568 0.616342 1
0.834449 0.422463 3
0.817921 0.723944 2
0.766606 0.858554 2
0.183763 0.087689 3
0.323026 0.937789 3
0.481803 0.744424 2
0.109341 0.048845 1
0.051067 0.166750 3
0.653956 0.926939 3
0.821559 0.661466 3
0.818172 0.718145 2
0.874070 0.228184 2
0.574973 0.502706 1
0.024388 0.087389 1
0.429825 0.406129 2
0.932747 0.339455 2
0.868337 0.792925 3
0.999624 0.672180 2
0.105433 0.764878 1
0.693473 0.814857 3
0.798713 0.081093 6
0.957011 0.177477 4
0.726010 0.476495 2
0.125660 0.891701 1
0.251129 0.943728 2
0.385045 0.976496 2
0.621569 0.399818 3
0.791222 0.485135 1
0.510515 0.146013 2
0.972861 0.221568 1
0.179938 0.249855 3
0.391455 0.051425 1
0.944010 0.208102 6
0.707405 0.586536 1
0.149936 0.896491 2
0.514731 0.173489 1
0.881573 0.917361 1
0.308219 0.533661 4
0.792519 0.090613 5
0.467152 0.644860 1
0.046465 0.813405 3
0.300024 0.440149 1
0.973566 0.966381 2
0.189482 0.377005 1
0.678272 0.045045 3
0.799570 0.860177 2
0.978807 0.946688 3
0.236302 0.197928 1
0.387657 0.329430 1
0.733967 0.574526 1
0.346322 0.909588 1
0.056768 0.933310 1
0.413578 0.173940 3
0.090218 0.656940 2
0.326297 0.689311 4
0.445052 0.646296 2
0.362543 0.240134 3
0.825243 0.284680 2
0.605042 0.518473 3
0.503122 0.635099 2
0.471237 0.330020 1
0.762030 0.000896 4
0.632047 0.702745 3
0.881150 0.072749 6
0.061348 0.039344 3
0.822399 0.021771 6
0.008784 0.020746 2
0.306547 0.897717 2
0.550691 0.476290 3
0.432678 0.335431 3
0.425470 0.911447 2
0.410632 0.897855 2
0.998552 0.866311 1
0.061931 0.626674 2
0.115345 0.507985 1
0.738293 0.118135 5
0.769197 0.667235 2
0.312130 0.755926 1
0.722594 0.739970 2
0.124308 0.107676 1
0.903766 0.042963 5
0.442989 0.169610 2
0.261513 0.920185 3
0.610335 0.544223 2
0.845771 0.966411 2
0.622950 0.448051 1
0.781122 0.870603 2
0.271581 0.283909 1
0.763111 0.621625 1
0.463546 0.093726 2
0.301845 0.275012 3
0.284944 0.060802 1
0.638974 0.992088 3
0.782109 0.348354 2
0.554216 0.381237 3
0.624689 0.066585 3
0.291857 0.391233 3
0.529585 0.482851 3
0.210897 0.158550 2
0.888110 0.173883 6
0.775117 0.166071 6
0.583644 0.839876 1
0.812536 0.974013 3
0.723008 0.105224 1
0.518668 0.358579 3
0.116182 0.728756 1
0.537612 0.998821 1
0.589744 0.915972 1
0.613551 0.707763 3
0.327081 0.600437 6
0.088906 0.800916 2
0.590547 0.487308 3
0.906943 0.348483 1
0.699694 0.082294 1
0.175826 0.226274 3
0.555156 0.617858 2
0.049986 0.702081 3
0.454742 0.653246 2
0.871916 0.178421 5
0.205999 0.664286 6
0.211310 0.165642 2
0.235625 0.749341 1
0.310140 0.460491 4
0.969590 0.773480 1
0.655924 0.369526 3
0.545509 0.968173 1
0.365516 0.526134 6
0.889953 0.526774 3
0.059112 0.582620 1
0.908036 0.743037 3
0.554412 0.726195 3
0.472464 0.509720 1
0.285635 0.427559 2
0.875691 0.623298 3
0.938970 0.970849 2
0.773968 0.652595 1
0.751065 0.185000 2
0.616059 0.980670 1
0.106684 0.876128 1
0.345531 0.150802 3
0.539979 0.203118 1
