n 300
m 1
tmax 5.379745
0.870224 0.799027 2
0.101372 0.546547 6
0.595495 0.664843 3
0.395650 0.483077 5
0.781027 0.915414 1
0.000000 0.470226 1
0.750921 0.628348 2
0.414682 0.527175 4
0.976051 0.875847 5
0.027760 0.373465 3
0.691445 0.502642 1
0.134596 0.715172 0
0.780909 1.000000 0
0.000000 0.459500 0
0.655159 0.656483 2
0.341140 0.770492 0
1.000000 0.979638 4
0.000000 0.437712 0
0.658635 0.505519 4
0.453044 0.677911 3
0.727771 0.942835 2
0.000000 0.553291 3
0.627182 0.791569 4
0.491221 0.641081 3
0.845504 1.000000 5
0.000000 0.404637 0
0.735697 0.520009 3
0.190242 0.420944 2
0.829991 0.996607 0
0.058043 0.473020 7
0.673778 0.587671 2
0.595998 0.505774 5
1.000000 0.970867 3
0.104272 0.425184 5
0.872556 0.439553 0
0.228014 0.441061 7
0.890477 0.690014 1
0.000000 0.262859 5
0.656039 0.585999 5
0.191128 0.721168 5
0.903949 1.000000 2
0.074523 0.552116 2
0.780036 0.492706 5
0.390843 0.490668 1
0.765582 0.889390 2
0.000000 0.315511 4
0.581377 0.479683 5
0.359900 0.651632 5
0.704380 1.000000 1
0.036754 0.509185 5
0.657221 0.714097 3
0.595044 0.403924 0
0.794260 0.986747 1
0.000000 0.205078 3
0.727554 0.508293 4
0.375580 0.556483 1
0.717495 1.000000 0
0.000000 0.472845 3
0.821628 0.630155 3
0.257463 0.393878 4
0.636286 0.642330 4
0.087628 0.537036 6
0.628354 0.811548 5
0.240914 0.536920 3
0.975885 1.000000 2
0.000000 0.525272 1
0.561606 0.606108 5
0.365732 0.571928 1
0.867530 0.954467 0
0.000000 0.357540 2
0.527631 0.647478 1
0.237436 0.321248 3
0.817086 0.703629 0
0.000000 0.379531 0
0.667763 0.587357 0
0.344112 0.578169 0
1.000000 0.829098 5
0.212772 0.400871 7
0.818901 0.525528 2
0.114333 0.773402 3
0.737831 1.000000 3
0.215475 0.585686 5
0.663719 0.643001 3
0.207393 0.464070 5
0.965732 1.000000 3
0.024549 0.572836 3
0.517860 0.529568 2
0.458259 0.657971 5
0.866688 0.976930 3
0.000000 0.389641 3
0.741107 0.707829 0
0.182622 0.514433 4
0.686719 1.000000 0
0.000000 0.492286 3
0.574445 0.540050 3
0.282351 0.726649 2
0.883398 0.945896 0
0.040541 0.341264 3
0.874636 0.646836 2
0.271559 0.438915 6
0.880688 0.941605 5
0.000000 0.386650 4
0.731008 0.784286 2
0.408868 0.510210 0
0.828576 1.000000 2
0.000000 0.617393 3
0.755392 0.610382 3
0.143175 0.656881 3
0.959640 1.000000 5
0.032950 0.338412 4
0.791090 0.630827 1
0.552890 0.641335 0
0.871648 0.841225 5
0.122001 0.399539 5
0.603330 0.626829 3
0.236597 0.546360 6
0.811242 0.906448 4
0.000000 0.360112 3
0.748916 0.537901 4
0.056244 0.665548 2
1.000000 1.000000 5
0.000000 0.503837 1
0.586546 0.563221 2
0.155811 0.343634 4
0.786248 0.797703 1
0.014416 0.526556 4
0.628850 0.690740 5
0.326225 0.376744 1
0.888946 1.000000 1
0.012933 0.556541 4
0.627226 0.630806 3
0.230104 0.494566 3
0.863314 1.000000 3
0.113154 0.491125 5
0.749978 0.347855 5
0.193839 0.507807 5
0.972267 0.967222 5
0.000000 0.485347 2
0.685213 0.556449 4
0.365343 0.559827 5
1.000000 1.000000 2
0.000000 0.413851 1
0.482435 0.564171 3
0.270138 0.590848 7
0.794624 1.000000 5
0.000000 0.509423 3
0.492153 0.705252 1
0.355514 0.281530 1
0.873474 1.000000 3
0.008137 0.390232 3
0.440545 0.507926 2
0.127564 0.814873 5
0.939844 1.000000 5
0.058386 0.555551 6
0.493693 0.629433 0
0.378821 0.503489 1
0.987345 0.831731 4
0.031774 0.343201 5
0.593436 0.686789 3
0.252554 0.496391 5
0.816760 0.997303 4
0.193686 0.499491 3
0.770968 0.462306 1
0.000000 0.495834 2
0.989160 0.695847 5
0.000000 0.588762 2
0.765754 0.825150 2
0.246850 0.573304 2
1.000000 1.000000 1
0.099173 0.577803 7
0.650578 0.662541 4
0.000000 0.720312 4
0.863737 0.962241 5
0.000000 0.417413 5
0.621413 0.662798 2
0.153187 0.555549 6
0.725750 1.000000 3
0.000000 0.442421 5
0.643654 0.574012 1
0.193510 0.426026 2
0.878939 0.928779 2
0.091717 0.163247 3
0.700800 0.342736 3
0.417068 0.520163 3
0.751939 0.884569 0
0.139369 0.642374 3
0.570588 0.508968 2
0.456238 0.554243 1
1.000000 1.000000 2
0.000000 0.467610 3
0.579870 0.732574 3
0.345121 0.689052 5
1.000000 0.873213 1
0.000000 0.493721 5
0.627221 0.429772 2
0.193733 0.437524 7
0.937780 0.734888 0
0.231550 0.542268 6
0.551279 0.772725 0
0.388013 0.654634 4
0.931709 0.984160 1
0.056742 0.439776 3
0.700132 0.586644 5
0.216336 0.553390 5
0.882740 0.860826 2
0.000000 0.460817 3
0.664208 0.791615 5
0.136752 0.518778 2
0.676297 1.000000 5
0.213524 0.586823 4
0.878710 0.644558 5
0.179906 0.683878 2
0.817458 0.854123 3
0.000000 0.580235 1
0.526134 0.501993 4
0.330844 0.585063 0
1.000000 1.000000 3
0.153397 0.296294 5
0.676087 0.549334 1
0.000000 0.635033 5
0.922264 0.895895 3
0.000000 0.612825 2
0.498639 0.671025 5
0.052076 0.588411 0
0.799890 1.000000 2
0.033581 0.435679 2
0.609585 0.423386 1
0.229585 0.569437 7
0.769395 0.848613 5
0.000000 0.529283 2
0.686960 0.705973 0
0.241848 0.470367 5
1.000000 1.000000 5
0.056136 0.276355 3
0.698489 0.546684 2
0.326850 0.687447 1
0.897196 0.862168 5
0.021653 0.519338 0
0.909544 0.796448 1
0.201992 0.267260 4
0.880946 1.000000 4
0.000000 0.407768 1
0.558389 0.827682 3
0.250039 0.531314 7
0.856298 0.960644 4
0.009354 0.568106 3
0.510933 0.574716 3
0.212153 0.553720 2
0.980566 0.925809 0
0.000000 0.451222 0
0.578276 0.608525 4
0.389354 0.597205 2
0.916816 0.923813 4
0.000000 0.525545 3
0.671880 0.701647 4
0.101143 0.408700 7
0.826506 0.910150 3
0.252357 0.247370 0
0.758321 0.866656 4
0.143886 0.367820 4
0.865502 1.000000 2
0.072335 0.434330 3
0.648302 0.870406 2
0.291242 0.720403 4
0.857622 1.000000 4
0.000000 0.439426 3
0.846670 0.600869 1
0.176199 0.466721 2
0.836812 1.000000 0
0.095727 0.626645 3
0.556668 0.881520 3
0.287014 0.717404 5
0.944398 0.880957 3
0.000000 0.617938 1
0.645925 0.615504 3
0.327151 0.515285 7
0.965084 1.000000 3
0.000000 0.492488 4
0.775374 0.600228 2
0.410893 0.577785 4
1.000000 1.000000 2
0.099831 0.509499 7
0.918262 0.709927 3
0.118430 0.636857 4
0.929046 0.879044 3
0.000000 0.276566 0
0.595284 0.758803 4
0.328888 0.651301 2
0.852256 1.000000 3
0.040507 0.446349 4
0.436085 0.714986 0
0.437625 0.612790 2
0.689492 1.000000 2
0.147493 0.555213 7
0.606111 0.567671 5
0.178950 0.422983 7
0.980219 0.914592 2
0.000000 0.664668 1
0.817058 0.662770 4
0.315721 0.501915 4
