n 250
m 1
tmax 6.498687
0.140715 0.109838 0
0.832776 0.207543 9
0.921513 0.215566 4
0.484855 0.935133 10
0.959881 0.047013 2
0.624678 0.328110 3
0.529245 0.921947 9
0.867831 0.254555 7
0.133636 0.750389 6
0.773420 0.098198 5
0.389315 0.002094 1
0.627039 0.962450 2
0.372076 0.454350 6
0.064267 0.964771 4
0.482856 0.775547 8
0.181881 0.395427 6
0.311775 0.947460 7
0.335874 0.353527 7
0.477336 0.736758 7
0.214646 0.221652 4
0.402916 0.224826 2
0.289832 0.146061 1
0.645833 0.794913 4
0.898874 0.504807 4
0.664391 0.510517 3
0.367533 0.931510 5
0.023344 0.659500 2
0.097239 0.702397 8
0.561567 0.863543 1
0.829010 0.921756 2
0.693351 0.279267 8
0.744228 0.311293 6
0.479858 0.391181 9
0.280914 0.574985 2
0.682914 0.865758 6
0.288417 0.698530 7
0.713902 0.042779 9
0.477328 0.219414 7
0.454234 0.904422 10
0.291850 0.640496 8
0.406579 0.258254 6
0.952583 0.323264 1
0.157642 0.738378 6
0.006745 0.899022 9
0.587411 0.363752 3
0.501617 0.520316 8
0.153991 0.839048 1
0.639241 0.323725 2
0.745114 0.839919 7
0.348421 0.689605 9
0.523220 0.103724 1
0.020611 0.721324 7
0.311492 0.350178 10
0.881954 0.779440 3
0.583383 0.519212 2
0.355194 0.760332 10
0.731309 0.478517 8
0.346694 0.237591 1
0.151530 0.881198 6
0.485946 0.505017 3
0.200153 0.168574 2
0.612476 0.960456 5
0.884768 0.238163 10
0.153797 0.499759 6
0.425771 0.135916 8
0.297389 0.676526 10
0.266623 0.282212 10
0.928570 0.448985 10
0.391709 0.549199 8
0.574847 0.811544 1
0.201914 0.553352 10
0.235468 0.978513 9
0.129266 0.042614 3
0.406315 0.291060 4
0.245331 0.647065 2
0.316498 0.810407 4
0.468710 0.133201 4
0.128949 0.208539 6
0.914194 0.664625 8
0.036406 0.328371 3
0.229272 0.512559 9
0.517654 0.629750 5
0.840707 0.690276 2
0.632803 0.418626 4
0.652903 0.062421 9
0.021592 0.664310 2
0.696806 0.232538 1
0.918792 0.446446 2
0.052611 0.731423 7
0.276425 0.133843 4
0.872816 0.514884 8
0.713104 0.206863 10
0.058572 0.041887 1
0.976998 0.109597 3
0.477980 0.649276 8
0.692785 0.074214 6
0.419328 0.233958 3
0.061752 0.917222 1
0.724946 0.276091 1
0.482453 0.226441 1
0.311203 0.561207 10
0.621549 0.117435 5
0.370154 0.165028 7
0.237403 0.670372 5
0.718270 0.171448 3
0.689751 0.487747 7
0.530249 0.430876 4
0.295887 0.156630 3
0.378928 0.025289 4
0.620461 0.352330 1
0.948819 0.316844 8
0.040171 0.925459 4
0.178133 0.474092 9
0.994807 0.013399 6
0.573300 0.831459 5
0.521080 0.347067 2
0.119389 0.235733 9
0.461562 0.621819 8
0.267382 0.487952 4
0.451050 0.476788 7
0.521364 0.479786 10
0.838373 0.471699 2
0.061185 0.630993 2
0.639785 0.624313 5
0.756106 0.889264 4
0.860056 0.888719 5
0.208816 0.902048 1
0.403813 0.138816 1
0.569518 0.739566 6
0.540368 0.625541 7
0.378851 0.027974 8
0.995040 0.345424 2
0.023731 0.407649 9
0.126935 0.935150 4
0.461609 0.872147 3
0.919452 0.942556 7
0.949186 0.432682 7
0.971234 0.949045 9
0.617360 0.028394 4
0.645304 0.556302 9
0.391581 0.445463 5
0.563828 0.770177 10
0.682732 0.370932 6
0.089114 0.712785 5
0.873449 0.565037 8
0.989776 0.866221 5
0.094741 0.338444 5
0.702861 0.230168 4
0.599731 0.188743 9
0.859409 0.734068 9
0.653502 0.619551 6
0.507837 0.880072 5
0.536048 0.804666 2
0.106822 0.815525 8
0.391702 0.513821 5
0.475562 0.414670 7
0.950189 0.064043 7
0.094244 0.567601 9
0.596125 0.375429 10
0.070303 0.111489 4
0.692898 0.308881 5
0.517594 0.532848 5
0.195522 0.481170 5
0.574484 0.161808 7
0.590981 0.654917 5
0.868737 0.740273 2
0.596950 0.719862 3
0.930482 0.480555 4
0.322107 0.641661 9
0.133083 0.573660 7
0.621649 0.614690 4
0.598563 0.444469 1
0.890282 0.581884 7
0.511215 0.162643 5
0.657505 0.922579 10
0.757703 0.342827 5
0.579672 0.515407 7
0.006174 0.090045 4
0.523989 0.181939 9
0.393041 0.722726 2
0.374796 0.164657 5
0.606665 0.788525 10
0.522207 0.311310 10
0.226035 0.215888 3
0.243801 0.186897 1
0.401330 0.000790 8
0.801640 0.015375 8
0.858849 0.237803 2
0.039123 0.398893 4
0.841033 0.442312 8
0.091222 0.951995 9
0.217314 0.059868 6
0.219728 0.011396 6
0.997286 0.980134 4
0.448630 0.763164 3
0.596328 0.417644 2
0.548992 0.798469 3
0.496349 0.669190 9
0.492487 0.142317 1
0.081789 0.765136 2
0.261682 0.641918 6
0.976107 0.040780 4
0.331111 0.186508 5
0.807231 0.926312 3
0.902214 0.738567 1
0.171934 0.421419 1
0.448320 0.698131 1
0.942620 0.540103 8
0.893762 0.770444 3
0.158068 0.322276 6
0.964585 0.972113 7
0.561098 0.948590 4
0.091973 0.472883 10
0.724001 0.547767 5
0.045380 0.445607 1
0.443157 0.314092 5
0.205921 0.656217 3
0.317457 0.471584 3
0.994556 0.380807 2
0.535232 0.809436 7
0.441385 0.888642 9
0.970653 0.428530 1
0.438779 0.800859 5
0.412281 0.674807 6
0.811390 0.317436 3
0.932493 0.823586 1
0.281875 0.870488 4
0.018262 0.797908 6
0.797201 0.469798 10
0.323576 0.726041 1
0.979289 0.532497 4
0.578077 0.978169 1
0.517794 0.138343 2
0.472846 0.432595 2
0.439833 0.881123 5
0.997060 0.575528 8
0.808633 0.648536 1
0.760662 0.789302 7
0.839682 0.371170 4
0.960460 0.253960 4
0.196462 0.897253 7
0.188807 0.505530 7
0.536119 0.593054 9
0.756315 0.609703 8
0.965763 0.356063 9
0.361661 0.421064 6
0.377798 0.414601 3
0.488069 0.801091 4
0.571938 0.858423 7
0.074552 0.354825 10
