n 1500
m 1
tmax 10.000000
0.000000 0.295783 7
0.661799 0.176446 4
0.162229 0.000000 4
0.124372 0.582593 2
0.824303 0.766457 3
0.715369 1.000000 9
0.000000 0.381105 9
0.849502 0.339580 7
0.004077 0.319357 10
0.261568 0.753882 8
0.589120 0.728182 6
0.505145 0.971961 7
0.231567 0.424809 3
0.744598 0.085546 1
0.118899 0.124714 7
0.361515 0.727368 7
0.749901 1.000000 1
0.699104 0.684572 7
0.000000 0.442886 3
0.700855 0.202830 4
0.000000 0.032426 8
0.486101 0.609788 5
0.650512 1.000000 3
0.728868 0.670617 3
0.136654 0.457538 1
0.700940 0.227837 8
0.306037 0.130480 8
0.181838 0.363438 10
0.647597 1.000000 1
0.761831 0.488408 5
0.000600 0.357406 5
0.817535 0.000000 6
0.109436 0.099365 1
0.399887 0.673178 1
0.622637 1.000000 4
0.825684 0.808681 10
0.161917 0.042760 9
0.560113 0.000000 10
0.000000 0.228279 10
0.279207 0.703191 6
0.877767 1.000000 2
0.543683 0.757241 10
0.207824 0.217947 7
0.689650 0.091878 4
0.370143 0.190149 5
0.378806 0.488682 6
0.838382 0.838733 9
0.498011 0.944984 10
0.000000 0.224216 5
0.668272 0.206043 4
0.153629 0.000000 4
0.453207 0.742197 8
0.950328 0.890626 6
0.669484 0.989425 9
0.163698 0.136502 8
0.794574 0.000000 9
0.000000 0.170244 10
0.476073 0.722608 5
0.707969 0.814087 4
0.791384 0.632079 1
0.079585 0.230149 10
0.482080 0.325949 3
0.250191 0.034800 1
0.254905 0.504637 4
0.890279 0.669568 4
0.818398 0.698297 5
0.000000 0.439301 5
0.790294 0.377019 9
0.049117 0.134602 10
0.241678 0.644108 4
0.610508 0.741373 7
0.570255 1.000000 2
0.000000 0.477360 10
0.578945 0.000000 6
0.000000 0.292533 1
0.348854 0.631492 4
0.822503 0.803947 8
0.405546 0.786469 10
0.009924 0.239198 2
0.587472 0.210084 6
0.000000 0.000000 4
0.308290 0.330662 7
0.437115 1.000000 3
0.737001 0.827442 1
0.000000 0.078366 9
0.667689 0.000000 5
0.000000 0.000000 6
0.203137 0.870670 2
0.853071 0.802414 5
0.566236 0.640934 6
0.050313 0.097991 7
0.617769 0.174543 4
0.054963 0.050227 5
0.456424 0.667584 4
0.721816 1.000000 7
0.687696 0.625661 1
0.088897 0.306386 4
0.571640 0.040544 7
0.083492 0.000000 7
0.232079 0.642126 9
0.745557 0.764365 1
0.505615 0.581992 1
0.044766 0.209769 5
0.650857 0.000000 5
0.246803 0.000000 10
0.180351 0.764647 6
0.711512 0.775503 3
0.722477 0.789810 6
0.210205 0.319102 2
0.430675 0.132969 7
0.342899 0.221982 6
0.512725 0.416371 8
0.909340 1.000000 4
0.677661 1.000000 3
0.000000 0.233847 2
0.733244 0.000000 8
0.122148 0.000000 7
0.167848 0.413626 3
0.686446 0.805692 3
0.614933 0.965368 1
0.268183 0.000000 4
0.687295 0.129757 6
0.000000 0.098889 3
0.173441 0.408223 6
0.751260 1.000000 2
0.741898 0.784921 7
0.179045 0.035549 7
0.427283 0.175492 3
0.000000 0.369959 2
0.842087 0.632201 6
0.702062 1.000000 8
0.628845 0.795056 2
0.009494 0.394692 3
0.434425 0.000000 4
0.000000 0.070240 8
0.380459 0.520140 1
0.953678 1.000000 8
0.421283 0.925005 9
0.148679 0.465380 1
0.805928 0.066228 6
0.000000 0.076213 7
0.285887 0.647827 3
0.525387 0.885316 6
0.838245 0.894332 5
0.055288 0.289951 2
0.404867 0.271687 7
0.073425 0.226873 4
0.254285 0.255811 5
0.488159 0.529561 5
0.666336 0.705424 8
0.142554 0.387078 7
0.732272 0.308631 5
0.071552 0.145948 10
0.289804 0.469189 9
0.769376 0.765672 9
0.749992 0.777628 8
0.135099 0.260478 5
0.979442 0.208312 6
0.000000 0.000000 10
0.236591 0.660080 8
0.654235 1.000000 5
0.499677 0.742076 7
0.057927 0.394698 3
0.604691 0.152788 3
0.092928 0.120243 8
0.089015 0.536818 4
0.815128 0.854410 3
0.688115 0.629264 7
0.043320 0.059402 7
0.579154 0.094631 10
0.047450 0.085243 8
0.439634 0.446303 10
0.504007 0.802067 10
0.807553 0.755053 10
0.166662 0.387068 10
0.753752 0.039487 1
0.112810 0.162004 4
0.432763 0.530748 1
0.758216 0.875521 2
0.713427 0.941779 9
0.000000 0.205516 4
0.670112 0.256569 3
0.081314 0.219511 3
0.601079 0.691092 4
0.954669 1.000000 1
0.672791 0.947258 1
0.022526 0.057154 4
0.609921 0.101897 9
0.000000 0.172403 1
0.460542 0.236971 6
0.927106 0.846086 9
0.403979 0.727482 8
0.217484 0.367357 9
0.305914 0.159783 8
0.000000 0.333451 6
0.489788 0.597457 2
0.657709 0.967081 9
0.625312 1.000000 2
0.000000 0.417656 4
0.459899 0.290605 3
0.000000 0.091280 5
0.450718 0.799409 10
0.802755 0.956301 8
0.519296 0.989588 1
0.000000 0.138903 7
0.521078 0.128392 8
0.172266 0.305641 8
0.436161 0.430428 1
0.985296 0.790721 9
0.612799 0.981770 8
0.129282 0.389240 9
0.565502 0.005730 9
0.030307 0.469208 6
0.482702 0.455827 3
0.631309 0.890694 4
0.542386 0.811796 3
0.358754 0.000000 10
0.727473 0.146902 6
0.067610 0.083652 2
0.237384 0.894507 7
0.762380 0.689492 1
0.708634 1.000000 4
0.157927 0.263973 7
0.714325 0.092122 10
0.000000 0.142211 9
0.333584 0.609024 2
0.697712 0.821949 6
0.706217 0.766321 1
0.203135 0.222253 2
0.450814 0.000000 10
0.095026 0.132422 8
0.513391 0.656059 8
0.789878 0.840726 9
0.736069 0.622058 3
0.262586 0.010450 10
0.943276 0.240266 3
0.000000 0.000000 2
0.402698 0.304262 10
0.730176 0.882472 4
0.744845 1.000000 9
0.284051 0.214718 5
0.850049 0.151149 5
0.399448 0.000000 8
0.330891 0.505784 4
0.792327 0.592837 1
0.633628 1.000000 5
0.000000 0.540512 10
0.452260 0.000000 7
0.000000 0.000000 7
0.194333 0.558103 10
0.705319 0.816740 5
0.737825 0.844747 10
0.000000 0.171964 4
0.896130 0.102129 2
0.000000 0.120216 1
0.364250 0.720226 1
0.546639 0.984747 6
0.827462 0.720837 2
0.244588 0.293911 10
0.756296 0.190169 3
0.000000 0.021204 5
0.039507 0.539691 5
0.918707 0.794843 7
0.543213 0.743485 7
0.032930 0.415569 4
0.578384 0.281203 5
0.009058 0.041705 3
0.530991 0.540089 8
0.448814 1.000000 3
0.664255 0.853079 9
0.216084 0.044396 8
0.533495 0.000000 8
0.322887 0.282657 8
0.530890 0.519344 7
0.683059 0.855494 5
0.878855 0.784167 10
0.008382 0.063342 1
0.527855 0.000000 4
0.000000 0.313121 5
0.326615 0.549494 2
0.630288 0.715392 4
0.539002 0.933950 4
0.406463 0.265111 3
0.673111 0.115847 2
0.002685 0.000000 6
0.129443 0.572288 10
1.000000 0.577294 1
0.538268 0.747974 8
0.028101 0.217463 4
0.498106 0.000000 10
0.173196 0.098786 4
0.179800 0.404983 3
0.629895 0.885931 9
0.800568 0.830364 5
0.000000 0.320981 1
0.634172 0.207513 2
0.222649 0.223303 7
0.244482 0.605040 9
0.383881 0.989245 1
0.654335 1.000000 2
0.011698 0.274663 8
0.537549 0.000000 10
0.151624 0.257973 1
0.540801 0.558911 8
0.713044 0.790009 8
0.503898 0.694501 2
0.144821 0.297986 6
0.780593 0.263972 1
0.071797 0.000000 6
0.178197 0.706513 4
0.762055 0.892329 5
0.921358 0.825239 5
0.090878 0.667999 1
0.386430 0.000000 2
0.175650 0.202574 8
0.427604 0.488021 10
0.692939 1.000000 5
0.723107 1.000000 3
0.168384 0.727859 6
0.771938 0.042106 7
0.222471 0.127491 10
0.140304 0.406395 7
1.000000 1.000000 6
0.568614 0.997729 1
0.109985 0.370163 9
0.512955 0.428334 5
0.094192 0.195866 9
0.364645 0.623431 6
0.760413 0.881771 7
0.784924 0.724736 7
0.277925 0.211624 8
0.658013 0.036585 1
0.070642 0.107364 4
0.496520 0.436142 10
1.000000 0.825245 2
0.516735 0.839990 2
0.000000 0.456621 8
0.378481 0.386605 6
0.146420 0.000000 2
0.341828 0.725922 3
0.799594 0.748532 7
0.675378 1.000000 6
0.214611 0.320110 8
0.644620 0.199059 7
0.000000 0.157398 3
0.238277 0.612629 9
0.919402 0.835213 3
0.706126 1.000000 7
0.232579 0.381680 5
0.516358 0.062576 10
0.102887 0.091990 10
0.382650 0.427897 7
0.916616 1.000000 2
0.829230 0.830951 5
0.000000 0.342701 6
0.643359 0.000000 4
0.000000 0.000000 8
0.526396 0.679575 9
0.488276 0.877412 4
0.551740 0.915023 9
0.000000 0.324061 10
0.747086 0.258519 10
0.000000 0.145156 6
0.377279 0.232315 10
0.876773 0.970024 5
0.703200 1.000000 5
0.281536 0.448773 3
0.325131 0.072603 4
0.000000 0.055638 1
0.693620 0.790482 5
0.907804 0.849504 3
0.765360 1.000000 9
0.359268 0.309837 2
0.478856 0.048369 9
0.000000 0.199727 2
0.602187 0.552015 1
0.727522 0.650521 5
0.303131 1.000000 2
0.014572 0.068168 2
0.733873 0.027697 2
0.247260 0.114339 1
0.193023 0.361123 9
0.814875 0.897134 3
0.812179 0.846270 7
0.006450 0.285851 7
0.577057 0.296736 1
0.078213 0.122944 10
0.304303 0.297215 6
0.698529 0.945638 5
0.743921 1.000000 4
0.028727 0.280329 6
0.517590 0.000000 2
0.025846 0.058053 2
0.362096 0.493348 3
0.791536 0.981282 10
0.579496 1.000000 7
0.030812 0.313803 7
0.535273 0.200329 8
0.000000 0.071446 2
0.539191 0.674668 4
0.852637 1.000000 5
0.754403 0.985972 8
0.000000 0.362210 5
0.548108 0.026344 2
0.343087 0.167290 4
0.408232 0.322609 4
0.797812 1.000000 1
0.782143 0.972730 7
0.000000 0.245593 7
0.852213 0.312751 6
0.000000 0.000000 3
0.384197 0.794176 7
0.506388 0.872030 10
0.667833 0.955039 4
0.375460 0.262176 1
0.637806 0.213141 1
0.000000 0.215373 6
0.308927 0.520319 2
0.696340 0.748030 7
0.577697 0.843234 10
0.160423 0.116111 5
0.447253 0.000000 4
0.077814 0.234552 8
0.186087 0.928188 9
0.638764 1.000000 6
0.880380 1.000000 1
0.047925 0.078931 7
0.612023 0.081819 4
0.000000 0.093931 7
0.440680 0.710895 3
1.000000 0.955061 9
0.715580 1.000000 7
0.000000 0.074184 8
0.658183 0.019075 5
0.040134 0.000000 6
0.420851 0.386881 1
0.707104 0.820194 10
0.714448 0.822567 5
0.064926 0.138049 8
0.701245 0.082678 4
0.113261 0.000000 2
0.343198 0.401257 8
0.786864 0.886590 3
0.972322 1.000000 3
0.000000 0.114402 2
0.529237 0.000000 3
0.000000 0.086328 10
0.633843 0.684815 3
0.663925 0.930523 1
0.481414 0.727672 4
0.149163 0.273878 2
0.450939 0.079268 10
0.067842 0.000000 4
0.557049 0.602963 6
0.687129 0.743361 6
0.530040 0.991048 8
0.019584 0.261572 6
0.736611 0.049714 4
0.354357 0.319120 5
0.423112 0.563756 9
0.995191 0.956062 10
0.535478 0.669654 2
0.183215 0.510983 4
0.769966 0.263739 6
0.000000 0.024462 3
0.444322 0.375682 3
0.957408 1.000000 8
0.479867 0.959409 6
0.098444 0.527088 5
0.679627 0.000000 6
0.038843 0.196352 5
0.297505 0.662192 7
0.756505 1.000000 6
0.407593 0.732518 6
0.093825 0.541013 6
0.670777 0.049401 8
0.000000 0.065750 5
0.449180 0.653825 10
0.514090 0.709794 9
0.498365 0.797743 1
0.000000 0.301681 8
0.597583 0.245061 9
0.000000 0.153741 8
0.721130 0.451502 7
0.820750 0.855507 2
0.506505 1.000000 9
0.230156 0.351037 4
0.728410 0.013598 7
0.061387 0.068256 5
0.381454 0.318639 6
0.706648 1.000000 4
0.748411 0.757600 1
0.203488 0.578625 7
0.620732 0.000000 7
0.066501 0.313834 7
0.290822 0.474325 10
0.817864 0.802987 5
0.676962 0.799375 3
0.025282 0.316746 1
0.673421 0.093864 8
0.000000 0.054040 5
0.401898 0.334326 1
0.772688 1.000000 9
0.658932 0.752172 6
0.000000 0.376008 3
0.638563 0.287908 7
0.003728 0.223512 1
0.480031 0.728512 9
0.975651 1.000000 2
0.644593 0.543300 5
0.128796 0.272266 8
0.333956 0.000000 3
0.000000 0.144506 7
0.589669 0.453143 9
1.000000 0.800347 3
0.969954 0.934111 7
0.000000 0.185289 4
0.473889 0.068039 8
0.000000 0.050352 4
0.366404 0.345409 7
0.751475 0.740942 1
0.605583 0.947235 10
0.000000 0.509998 9
0.745739 0.442555 6
0.178615 0.000000 3
0.434942 0.484884 9
0.862971 0.962511 8
0.756475 0.976074 5
0.000000 0.397587 3
0.573551 0.000000 5
0.388919 0.093483 4
0.084674 0.394409 5
0.773042 0.961167 6
0.764207 0.931826 6
0.185293 0.261760 4
0.663830 0.000000 7
0.292693 0.009144 8
0.521409 0.559612 2
0.877066 0.809321 8
0.534136 0.979465 3
0.006365 0.456165 3
0.448309 0.000000 1
0.000000 0.264656 7
0.232754 0.691852 7
0.562905 0.966998 7
0.950237 0.821744 9
0.000000 0.380015 5
0.745404 0.344684 8
0.205773 0.000000 4
0.512018 0.649467 8
0.602120 0.813096 6
0.507063 0.827517 1
0.000000 0.234883 10
0.668419 0.000000 2
0.000000 0.009360 8
0.423793 0.479816 10
0.757523 0.759480 9
0.816747 0.486059 5
0.162362 0.104808 10
0.531625 0.133486 6
0.000000 0.244756 7
0.500695 0.851252 2
0.762179 1.000000 4
0.468145 0.917170 1
0.223769 0.437519 2
0.420020 0.000000 7
0.000000 0.044359 3
0.249935 0.331706 4
0.813354 0.799130 1
0.501543 0.861079 10
0.000000 0.419421 7
0.500902 0.130024 7
0.000000 0.000000 1
0.491237 0.655134 5
0.602010 0.894022 3
0.411232 0.776676 5
0.075035 0.076080 3
0.928407 0.363613 6
0.173574 0.196996 8
0.364607 0.514222 1
0.754490 0.859024 6
0.753075 0.639060 8
0.293479 0.224857 10
0.495644 0.153956 7
0.000000 0.174521 10
0.347163 0.598144 9
0.641813 1.000000 6
0.745988 0.677945 8
0.090941 0.452413 7
0.609170 0.318221 3
0.078625 0.342794 1
0.526031 0.515244 9
0.586194 0.994723 4
0.677225 0.908830 4
0.118840 0.347888 4
0.323991 0.305427 7
0.148740 0.468230 9
0.437798 0.648985 9
0.865283 0.924306 1
0.677321 1.000000 1
0.000000 0.329190 6
0.671407 0.386395 5
0.000000 0.100006 8
0.790474 0.000000 6
0.723752 0.989734 8
0.582485 0.693791 5
0.248780 0.371032 8
0.626193 0.000000 3
0.000000 0.151971 2
0.220480 0.714145 8
0.619557 0.792289 9
0.482518 0.757604 4
0.103388 0.307915 9
0.460573 0.000000 8
0.097390 0.366265 6
0.160363 0.552776 4
0.863269 1.000000 3
0.564394 1.000000 3
0.095618 0.263838 8
0.542695 0.162925 2
0.000000 0.000000 3
0.433625 0.364622 1
0.792598 0.988748 8
0.737373 0.913440 10
0.031625 0.473146 8
0.704451 0.033856 5
0.000000 0.329126 3
0.292243 0.558178 4
0.805454 0.850218 7
0.746273 1.000000 6
0.260690 0.343499 7
0.309373 0.089928 4
0.000000 0.101593 7
0.418943 0.437639 2
0.962996 1.000000 10
0.578044 1.000000 2
0.000000 0.022720 1
0.308207 0.365711 5
0.126527 0.024230 8
0.618327 0.582243 9
0.713119 0.540406 1
0.923277 0.747071 10
0.000000 0.109586 10
0.552731 0.336345 1
0.059455 0.219069 10
0.115894 0.441212 4
0.969366 1.000000 1
0.550756 1.000000 1
0.101959 0.189942 10
0.449558 0.000000 1
0.000000 0.080028 3
0.486127 0.631876 5
0.731876 1.000000 7
0.510646 0.802374 6
0.287393 0.405286 8
0.706567 0.000000 7
0.000000 0.175348 8
0.052265 0.653097 3
0.932520 0.758145 9
0.377586 0.682935 1
0.000000 0.488046 5
0.661332 0.000000 2
0.081282 0.097854 3
0.452978 0.487611 4
0.744379 0.917811 10
0.723339 0.857282 2
0.007933 0.470039 7
0.599886 0.056595 2
0.039031 0.137357 2
0.230592 0.702917 7
0.620104 0.953497 4
0.619659 0.752187 4
0.000000 0.315366 7
0.569770 0.000000 9
0.000000 0.422491 6
0.346041 0.588270 2
0.948006 1.000000 5
0.831122 0.816429 10
0.000000 0.227180 9
0.904629 0.000000 10
0.001692 0.000000 10
0.498918 0.412390 9
1.000000 1.000000 9
0.624467 0.660699 1
0.241962 0.540505 5
0.715300 0.000000 5
0.032685 0.185374 8
0.545577 0.475709 6
0.877269 0.763941 4
0.645572 1.000000 8
0.000000 0.026558 8
0.571050 0.132167 7
0.121015 0.077666 4
0.378538 0.532077 10
0.913399 0.836543 10
0.615674 0.643532 2
0.069096 0.205477 3
0.440873 0.000000 1
0.000000 0.054690 8
0.326030 0.371343 5
0.918616 0.790819 2
0.444869 0.915420 9
0.000000 0.251078 4
0.432147 0.136482 8
0.000000 0.154817 9
0.208874 0.696655 2
0.714733 1.000000 8
0.802774 0.871318 6
0.000000 0.294299 4
0.861096 0.381201 4
0.000000 0.029237 3
0.259301 0.333230 10
1.000000 1.000000 6
0.453458 0.912002 1
0.009270 0.213870 2
0.669062 0.062501 8
0.000000 0.029626 1
0.337223 0.482484 1
0.542933 0.370716 4
0.754467 0.927083 2
0.188564 0.364391 7
0.434258 0.003637 5
0.100612 0.301342 4
0.477263 0.815014 2
0.731122 0.747711 7
0.532996 0.744651 1
0.141989 0.416034 8
0.966170 0.162069 10
0.372486 0.000000 10
0.417835 0.575089 3
0.641253 0.763089 5
0.584910 0.861228 6
0.323947 0.436536 3
0.490694 0.207504 10
0.035657 0.000000 5
0.319714 0.503721 9
0.952236 1.000000 8
0.788319 0.830416 5
0.253275 0.118310 9
0.820915 0.000000 10
0.272700 0.163669 9
0.233760 0.467552 3
0.770548 0.750061 3
0.699406 0.521221 6
0.000000 0.340792 10
0.776675 0.304635 5
0.000000 0.119922 5
0.424308 0.391047 2
0.733514 0.990394 5
0.478450 0.905755 3
0.250420 0.065774 10
0.387801 0.027274 5
0.152546 0.000000 6
0.481826 0.416307 9
0.649462 0.698372 8
0.501420 0.890714 6
0.000000 0.154238 5
0.599612 0.213098 8
0.000000 0.282427 7
0.410441 0.453177 9
0.838462 1.000000 4
0.716339 1.000000 7
0.014414 0.259070 8
0.843478 0.000000 2
0.138078 0.032799 2
0.441647 0.856974 9
0.748316 0.961348 6
0.778158 0.881212 5
0.218878 0.054435 9
0.513323 0.169365 7
0.000000 0.010094 3
0.509138 0.664401 4
0.707885 0.831698 2
0.672611 0.442624 3
0.243601 0.564236 4
0.708076 0.026255 10
0.183462 0.000000 2
0.439872 0.297244 7
0.853093 0.808337 10
0.663414 0.900656 9
0.053748 0.431109 6
0.574057 0.000000 10
0.009701 0.000000 4
0.344534 0.433139 9
0.918516 0.886647 7
0.778770 0.681547 6
0.191079 0.325720 6
0.637845 0.121040 5
0.143238 0.000000 4
0.452192 0.638689 1
0.572111 0.928508 7
0.770790 0.789288 7
0.000000 0.347684 7
0.847043 0.000000 10
0.098060 0.175143 1
0.173072 0.716410 7
0.536539 0.913741 6
0.664877 1.000000 6
0.111034 0.325792 8
0.348897 0.087074 9
0.185386 0.066795 4
0.261119 0.685119 1
0.709110 0.881412 7
0.656969 0.752796 2
0.068786 0.516061 1
0.199745 0.246373 6
0.108421 0.000000 8
0.242807 0.777646 5
0.890547 0.937991 5
0.274518 0.847126 8
0.039499 0.353768 9
0.750774 0.126354 4
0.351070 0.162291 6
0.096050 0.531809 5
0.836556 0.960482 8
0.364913 1.000000 7
0.135201 0.186945 7
0.580220 0.035932 7
0.244692 0.170590 5
0.075024 0.618628 4
0.712523 0.915309 4
0.751135 1.000000 7
0.138586 0.162029 6
0.564833 0.332031 1
0.040138 0.444158 5
0.354220 0.592590 3
0.763076 0.897768 10
0.814040 0.981360 5
0.000000 0.153486 8
0.546974 0.000000 10
0.000723 0.019062 2
0.308259 0.326427 2
0.991045 0.706061 3
0.572053 0.926750 1
0.189968 0.307795 2
0.483563 0.231921 5
0.000000 0.447698 9
0.533995 0.768272 8
0.538459 1.000000 10
0.789093 0.901000 4
0.394129 0.090344 5
0.457221 0.000000 8
0.000000 0.002597 3
0.411285 0.595890 6
0.824168 0.741367 10
0.666574 0.795634 6
0.000000 0.336596 5
0.500045 0.000000 5
0.000000 0.218922 4
0.416899 0.588582 9
0.911041 0.874897 2
0.437110 0.931965 6
0.175260 0.349325 4
0.733725 0.000000 10
0.000000 0.297771 3
0.443817 0.154681 7
0.643325 0.573720 9
0.505033 1.000000 9
0.013880 0.319109 9
0.534978 0.258994 2
0.000000 0.000000 9
0.499257 0.726534 10
0.900328 0.927284 7
0.493489 0.839754 8
0.000000 0.378549 4
0.548268 0.000000 9
0.000000 0.071357 6
0.778747 0.432212 8
1.000000 0.946908 1
0.862340 0.887485 6
0.000000 0.281612 10
0.585281 0.140194 7
0.000000 0.179477 1
0.625750 0.594629 5
0.813273 0.851996 6
0.451765 0.904733 8
0.057975 0.431578 1
0.501005 0.038684 4
0.000000 0.183065 1
0.538939 0.549924 7
0.813251 0.912575 9
0.742100 0.932906 9
0.000000 0.306569 3
0.618047 0.000000 5
0.160356 0.017775 1
0.357134 0.639769 2
0.640853 0.770897 5
0.534376 0.681734 8
0.000000 0.385127 4
0.514376 0.066640 6
0.000000 0.000000 8
0.504428 0.314148 6
1.000000 0.709403 2
0.500214 1.000000 1
0.046382 0.260490 10
0.404310 0.218477 1
0.000000 0.073465 5
0.421014 0.272258 8
0.682974 0.619019 4
0.970734 1.000000 9
0.000000 0.211726 8
0.517144 0.122091 2
0.030954 0.005803 5
0.116923 0.615411 7
0.576169 1.000000 10
0.755400 0.802039 3
0.091661 0.243534 3
0.711202 0.122719 7
0.070348 0.000000 7
0.337984 0.460989 8
0.713021 0.601017 9
0.598053 0.874578 5
0.286386 0.263555 7
0.289481 0.210181 2
0.000000 0.000000 8
0.298091 0.305200 3
0.669570 0.989046 7
0.815992 0.796497 5
0.187227 0.221305 8
0.529570 0.104461 4
0.000000 0.000000 6
0.468689 0.580819 7
0.807829 0.872081 1
0.659173 0.893552 3
0.000000 0.526166 8
0.509223 0.091121 7
0.035162 0.015551 2
0.366927 0.538204 6
0.722139 1.000000 3
0.756295 0.971055 8
0.000000 0.155656 9
0.806345 0.238777 6
0.214344 0.164118 8
0.309361 0.535829 9
0.551886 0.994991 9
0.731967 0.881487 7
0.259107 0.050982 3
0.474648 0.071746 7
0.319488 0.076643 7
0.308327 0.537896 7
0.828895 1.000000 3
0.304571 0.805236 3
0.196766 0.285820 10
0.725882 0.000000 9
0.289978 0.313394 10
0.390996 0.474340 6
0.539855 0.844105 6
0.746825 1.000000 9
0.028200 0.373577 10
0.493514 0.000000 9
0.025073 0.006708 3
0.291149 0.744493 10
0.743358 0.873588 7
0.436102 0.829661 10
0.000000 0.401925 8
0.618841 0.058926 5
0.000000 0.223687 8
0.428834 0.483324 9
0.650928 0.633476 8
0.487245 0.892287 7
0.144352 0.124163 4
0.810522 0.010180 3
0.000000 0.066913 8
0.461504 0.550768 10
0.544642 0.659177 6
0.781939 0.704296 9
0.202605 0.399213 9
0.476916 0.257722 9
0.042085 0.194108 1
0.418471 0.476812 6
0.589245 0.686566 8
0.640802 0.734009 2
0.000000 0.281344 6
0.442045 0.135845 5
0.000000 0.000000 7
0.357874 0.557024 6
1.000000 0.490747 1
0.499136 0.892555 3
0.129054 0.409286 2
0.739071 0.000000 6
0.343789 0.342959 5
0.277382 0.553684 1
0.585065 0.816742 8
0.900117 1.000000 6
0.055192 0.347563 5
0.719505 0.054354 10
0.157747 0.151659 2
0.275330 0.589617 4
0.624065 0.902882 10
0.595583 0.819057 9
0.140019 0.000000 2
0.276911 0.060400 10
0.000000 0.139793 2
0.699856 0.577829 3
1.000000 0.820262 8
0.949836 0.700730 8
0.354723 0.266741 7
0.643725 0.331970 8
0.208353 0.317968 4
0.377983 0.314830 10
0.381990 1.000000 5
0.721908 1.000000 9
0.209215 0.314044 10
0.764083 0.100432 10
0.084054 0.354873 5
0.367284 0.697368 6
0.826530 0.845882 5
0.719829 0.912292 5
0.000000 0.319535 10
0.743523 0.206731 7
0.027135 0.061338 8
0.437433 0.546149 6
0.660423 0.894840 6
0.817297 1.000000 10
0.230423 0.351102 10
0.380930 0.000000 5
0.000000 0.000000 3
0.336296 0.719480 9
0.803914 0.798900 8
0.727176 0.823714 2
0.151709 0.155275 8
0.918915 0.297713 4
0.000000 0.000000 6
0.410045 0.665416 5
0.871652 1.000000 3
0.746447 0.959378 3
0.000000 0.012460 5
0.751434 0.326018 6
0.297760 0.331038 6
0.220869 0.582107 6
0.742146 0.826616 7
0.665023 0.835578 4
0.000000 0.342925 7
0.692453 0.278921 10
0.000000 0.050904 1
0.437871 0.504377 5
0.811746 1.000000 2
0.586213 0.874322 10
0.000000 0.266444 10
0.425246 0.000000 10
0.000000 0.080520 10
0.386290 0.532542 4
0.620191 0.814217 1
0.807952 0.575755 7
0.003917 0.263712 1
0.576359 0.201267 9
0.030613 0.274712 10
0.368291 0.472454 5
0.548745 0.781921 7
0.481002 0.810113 10
0.030117 0.250219 1
0.530855 0.171261 6
0.200660 0.242029 6
0.365119 0.655320 1
0.896730 0.939691 6
0.727709 0.945985 2
0.079461 0.233023 8
0.754543 0.070969 4
0.007706 0.000000 2
0.485601 0.632138 6
0.874549 1.000000 9
0.536997 0.886632 8
0.115929 0.186917 3
0.616652 0.213874 4
0.179814 0.179479 6
0.315011 0.413892 7
0.668731 1.000000 1
0.721286 0.701215 2
0.203389 0.198596 8
0.567596 0.096303 1
0.067379 0.200798 5
0.529834 0.610968 5
0.386633 1.000000 3
0.853291 0.909317 2
0.000000 0.192118 6
0.503876 0.019710 6
0.000000 0.053965 10
0.576040 0.634169 1
0.496764 0.602821 6
0.566094 0.758337 9
0.000000 0.426776 6
0.415760 0.013533 1
0.000000 0.139210 9
0.285423 0.371488 2
0.852456 0.793364 9
0.646412 0.773537 8
0.197119 0.464007 6
0.566928 0.128448 8
0.000000 0.201325 2
0.257658 0.723862 6
0.989487 1.000000 6
0.836833 1.000000 2
0.000000 0.590255 3
0.536336 0.208456 10
0.000000 0.110074 10
0.517567 0.425582 8
0.809711 0.942492 8
0.674456 0.974820 5
0.058235 0.455977 10
0.488630 0.015877 7
0.038083 0.078174 8
0.309329 0.361704 8
0.993015 0.999336 3
0.600401 0.670487 8
0.022772 0.032254 9
0.591358 0.000000 10
0.000000 0.000000 1
0.278204 0.407424 7
0.763449 0.846289 7
0.577061 0.718816 3
0.166868 0.276309 4
0.588231 0.139725 2
0.000000 0.016145 10
0.205612 0.666562 4
1.000000 1.000000 6
0.760693 0.828905 4
0.069429 0.187840 6
0.576414 0.000000 7
0.036725 0.098152 7
0.027557 0.580145 7
0.712428 1.000000 8
0.754728 0.792883 1
0.030026 0.188414 8
0.547661 0.337797 1
0.000000 0.072312 1
0.294574 0.650231 4
0.775126 1.000000 7
0.793810 0.850289 1
0.188987 0.157785 10
0.976024 0.631542 2
0.000000 0.000000 3
0.375589 0.656263 2
1.000000 0.966962 2
0.882932 0.886309 7
0.041520 0.046847 10
0.716238 0.000000 9
0.000000 0.000000 3
0.430349 0.624369 7
0.752700 0.852624 8
0.743007 0.895607 2
0.000000 0.297092 8
0.739169 0.000000 5
0.287574 0.234098 4
0.539705 0.779332 2
0.746143 1.000000 2
0.651040 0.957532 2
0.197087 0.121176 8
0.830214 0.017284 7
0.139984 0.000000 1
0.498485 0.371823 3
0.829829 1.000000 3
0.649798 0.843971 6
0.000000 0.193218 2
0.797416 0.205533 7
0.133208 0.015923 6
0.459243 0.421034 8
1.000000 0.833808 2
0.825890 0.753451 2
0.272388 0.276880 9
0.587221 0.263816 9
0.000000 0.016964 5
0.139507 0.647014 10
0.706745 1.000000 1
0.647138 0.554280 2
0.131814 0.281179 6
0.859948 0.065358 7
0.220189 0.010831 8
0.266039 0.415000 4
0.715152 0.942327 9
0.635134 1.000000 10
0.000000 0.466389 6
0.817862 0.000000 8
0.046448 0.007861 8
0.650959 0.604390 10
0.714269 0.695189 4
0.669201 0.905578 2
0.000000 0.217010 5
0.575305 0.000000 1
0.101101 0.000000 4
0.373453 0.501000 10
0.673114 0.848614 8
0.719754 0.979435 2
0.000000 0.123012 2
0.451852 0.105368 10
0.000000 0.000000 6
0.269576 0.652752 4
0.704607 0.657218 2
0.794076 0.896750 9
0.000000 0.000000 5
0.937263 0.116648 3
0.366889 0.000000 9
0.237066 0.587210 7
0.730469 0.831921 1
0.688111 0.971740 4
0.010183 0.171468 7
0.720535 0.023111 5
0.297951 0.221314 6
0.298155 0.671044 6
0.740345 0.857358 1
0.768319 0.985475 7
0.299254 0.167840 3
0.608568 0.000000 4
0.277043 0.237801 2
0.394044 0.631063 2
0.671122 1.000000 3
0.435593 0.861096 8
0.020132 0.233936 2
0.738619 0.246393 7
0.040020 0.032228 4
0.375768 0.676528 9
0.768524 0.774566 9
0.375019 0.974071 7
0.000000 0.236452 7
0.598415 0.008409 8
0.000000 0.157204 3
0.092060 0.664655 4
0.767855 0.822827 8
0.852493 0.995826 3
0.006312 0.332373 5
0.455012 0.079245 4
0.031940 0.249435 8
0.270981 0.554949 2
0.798812 0.907380 9
0.594013 0.822282 10
0.196813 0.435899 6
0.628726 0.060252 3
0.000000 0.239671 6
0.411994 0.534149 4
0.748645 0.923322 10
0.576632 0.904233 3
0.000000 0.356894 8
0.757024 0.000000 1
0.000000 0.392576 7
0.436989 0.532589 8
0.883634 1.000000 8
0.791085 0.553491 3
0.000000 0.219121 1
0.839228 0.422774 7
0.000000 0.150699 2
0.131053 0.644077 2
0.845458 0.708629 2
0.694079 0.875534 6
0.000000 0.206075 10
0.554300 0.203783 10
0.000000 0.285956 6
0.144968 0.736439 1
0.668761 0.760138 9
0.776217 0.853982 2
0.000000 0.505591 10
0.634879 0.079796 7
0.203491 0.336222 5
0.256847 0.521273 9
0.931664 0.713490 6
0.691039 0.861289 6
0.067472 0.000000 2
0.675138 0.041854 4
0.000000 0.098317 10
0.165101 0.384729 1
0.921757 0.707795 9
0.435346 0.987275 4
0.000000 0.264856 10
0.985325 0.000000 5
0.080626 0.104859 3
0.434913 0.544654 10
0.878746 0.755485 5
0.554453 1.000000 7
0.091024 0.245997 4
0.601879 0.000000 1
0.000000 0.019779 2
0.108594 0.332931 4
0.784018 0.582076 5
0.564696 1.000000 1
0.021477 0.532518 5
0.614425 0.028901 5
0.089728 0.000000 4
0.396182 0.438771 6
0.695180 0.966771 1
0.644062 0.894320 3
0.000000 0.054342 5
0.631064 0.000000 5
0.050952 0.363335 9
0.232173 0.588378 7
0.804076 0.737188 9
0.648509 1.000000 7
0.000000 0.332448 2
0.733815 0.387741 2
0.061265 0.149196 4
0.594342 0.399843 7
0.814323 0.825883 7
0.715284 0.857502 7
0.000000 0.164237 4
0.838228 0.220856 5
0.000000 0.028559 1
0.183704 0.378756 5
0.814608 1.000000 9
0.638577 0.825649 10
0.124766 0.430566 4
0.582171 0.000000 6
0.000000 0.179511 1
0.707044 0.424083 1
0.797295 0.918251 3
0.889664 0.694629 10
0.000000 0.154701 2
0.608498 0.195057 5
0.046392 0.292709 4
0.365072 0.598626 4
0.747791 0.936301 3
0.510524 0.714621 10
0.105820 0.543352 3
0.510025 0.259517 8
0.039533 0.129845 5
0.667422 0.077857 1
0.782628 0.759089 10
0.594313 0.791910 7
0.095397 0.404028 9
0.461475 0.303489 6
0.023057 0.121022 6
0.412408 0.379290 7
0.523761 1.000000 4
0.533446 0.869915 9
0.076816 0.251723 5
0.742082 0.107523 3
0.000000 0.000000 1
0.569924 0.701732 5
0.707991 0.920553 2
0.609449 0.796640 10
0.108215 0.203603 1
0.566969 0.000000 3
0.000000 0.003842 1
0.239016 0.676404 1
0.570609 0.954808 8
0.853237 0.899613 5
0.270378 0.121752 5
0.661685 0.000000 7
0.000000 0.000000 2
0.216812 0.644323 4
0.779494 0.911798 10
0.733030 0.615489 4
0.194812 0.404926 9
0.826336 0.306528 2
0.002190 0.000000 8
0.279367 0.623084 9
0.712186 0.873799 7
0.714372 1.000000 9
0.000000 0.378163 2
0.714195 0.000000 3
0.225672 0.043030 5
0.000000 0.691430 6
0.879022 0.867748 4
0.260697 1.000000 3
0.117588 0.095315 8
0.593009 0.059915 3
0.088382 0.161613 4
0.482518 0.444796 6
0.590069 1.000000 4
0.547313 0.661623 4
0.041081 0.173947 6
0.878061 0.349008 5
0.197404 0.232123 3
0.480887 0.602802 4
0.798218 1.000000 3
0.578635 1.000000 4
0.143784 0.162729 1
0.535487 0.435414 3
0.000000 0.000000 7
0.415735 0.457022 10
0.668203 0.657614 6
0.662746 1.000000 10
0.000000 0.226739 9
0.551835 0.000000 4
0.000000 0.019052 6
0.327548 0.436800 7
0.847931 1.000000 6
0.728335 0.900806 3
0.170297 0.314559 2
0.608690 0.115219 2
0.243081 0.000000 5
0.447927 0.425868 4
0.892900 0.987072 3
0.480513 0.929966 5
0.130298 0.149854 1
0.723951 0.000000 10
0.000000 0.365447 3
0.195352 0.456878 2
0.822897 1.000000 5
0.725627 0.684995 10
0.020603 0.600169 1
0.636221 0.091432 5
0.000000 0.144557 7
0.357284 0.431677 8
0.718758 0.943500 8
0.554517 0.895733 9
0.000000 0.365868 7
0.580829 0.111323 3
0.000000 0.000000 4
0.474166 0.554368 8
0.710796 0.883861 8
0.772285 1.000000 5
0.101134 0.051575 10
0.621639 0.000000 10
0.045958 0.102106 3
0.303576 0.473862 2
0.641656 1.000000 4
0.498319 0.717436 5
0.000000 0.352748 1
0.678298 0.074884 9
0.294995 0.306908 8
0.300348 0.561946 3
0.895454 0.797019 7
0.507980 0.895702 7
0.112659 0.217199 1
0.729798 0.586334 3
0.056981 0.023254 10
0.494970 0.508748 3
0.805484 1.000000 9
1.000000 0.862454 4
0.000000 0.191688 4
0.540658 0.000000 9
0.085699 0.211571 3
0.519782 0.510171 8
0.616276 0.687987 5
0.653131 1.000000 4
0.337675 0.183395 1
0.510106 0.000000 9
0.000000 0.004941 8
0.521033 0.580745 10
0.556354 1.000000 10
0.492286 0.874653 3
0.191439 0.635702 10
0.500923 0.000000 7
0.000000 0.025294 9
0.429244 0.708793 7
0.865784 0.514124 1
0.605365 0.777918 1
0.022067 0.434354 1
0.395061 0.363905 9
0.026493 0.483870 5
0.651418 0.594173 9
0.830299 0.608046 7
0.649838 0.932949 8
0.090237 0.331891 8
0.657665 0.000000 4
0.030577 0.346831 6
0.349324 0.472014 5
0.704231 0.968616 3
0.521023 0.575853 6
0.019800 0.000000 3
0.546289 0.000000 5
0.000000 0.086058 10
0.437247 0.732705 1
0.565021 0.793803 6
0.871040 0.673868 9
0.048983 0.019758 8
0.630389 0.003299 8
0.000000 0.000000 3
0.158401 0.313606 9
0.729019 0.901225 7
0.451054 0.891795 1
0.083727 0.045639 9
0.728400 0.047319 10
0.000000 0.355057 4
0.382016 0.503945 3
0.826093 0.910529 7
0.335125 0.888641 8
0.030916 0.349843 4
0.845181 0.170855 2
0.032689 0.082042 8
0.312839 0.357791 3
0.945317 0.849171 9
0.373189 0.801548 9
0.000000 0.218800 4
0.532050 0.016758 5
0.000000 0.251660 7
0.556410 0.541131 6
0.715596 0.812865 1
0.636702 0.881323 3
0.398240 0.133950 8
0.697047 0.441134 9
0.000000 0.193245 2
0.639415 0.566411 7
0.511846 0.869999 10
0.516157 0.850554 6
0.000000 0.323366 8
0.728443 0.142954 10
0.000000 0.096940 6
0.363459 0.428990 8
0.692825 0.928595 3
0.383429 0.736423 2
0.087423 0.197273 9
0.606598 0.000000 5
0.069324 0.136941 10
0.325211 0.791221 9
0.768687 0.765266 7
0.747621 0.476377 5
0.179322 0.196357 1
0.421593 0.075151 4
0.037926 0.213761 8
0.422792 0.736938 6
0.642340 0.702412 6
0.926399 0.906065 2
