n 300
m 1
tmax 22.500000
0.377876 0.766975 6
0.262298 0.686676 4
0.659841 0.082541 9
0.070010 0.409035 8
0.504642 0.000000 6
0.334338 0.694427 4
0.579158 0.418651 8
0.691685 0.257524 4
0.431930 0.805352 3
0.269218 0.758368 8
0.644907 0.050705 8
0.112205 0.487015 2
0.547114 0.000000 5
0.267936 0.654150 3
0.536060 0.409680 10
0.649281 0.386529 5
0.448679 0.729816 9
0.313529 0.679232 7
0.585248 0.152882 6
0.123957 0.408674 3
0.573625 0.063355 8
0.263212 0.733135 4
0.639373 0.398941 8
0.775185 0.351198 7
0.448216 0.718899 2
0.411279 0.713384 2
0.625705 0.162367 5
0.030858 0.538916 1
0.575496 0.002075 6
0.255797 0.775973 4
0.507806 0.436490 6
0.735724 0.296514 10
0.429847 0.767452 8
0.285823 0.825296 10
0.661581 0.141736 1
0.063911 0.404828 9
0.578536 0.085358 1
0.220483 0.601145 5
0.580013 0.479208 3
0.650570 0.377155 10
0.355226 0.752591 8
0.252009 0.778723 8
0.610430 0.146416 7
0.082641 0.425056 9
0.573806 0.078270 8
0.305204 0.728494 3
0.550086 0.366790 4
0.640581 0.311418 4
0.409352 0.773894 7
0.216244 0.698366 9
0.642327 0.102957 8
0.076575 0.452432 9
0.491513 0.008115 5
0.293843 0.740288 3
0.545096 0.403105 6
0.685781 0.327136 9
0.409321 0.822223 7
0.342042 0.650113 6
0.652451 0.187431 9
0.106192 0.444837 1
0.657306 0.002157 7
0.202546 0.718484 2
0.555441 0.462103 10
0.728106 0.317780 4
0.448262 0.666567 5
0.339974 0.713739 8
0.651525 0.116955 3
0.059236 0.423086 10
0.662498 0.054636 9
0.212487 0.640647 6
0.564652 0.451252 10
0.738209 0.362643 5
0.511849 0.767192 10
0.226446 0.731241 5
0.634542 0.082430 2
0.040233 0.432883 6
0.552811 0.025098 9
0.172724 0.703662 3
0.615219 0.478524 10
0.660133 0.265241 5
0.412114 0.642207 9
0.306671 0.669644 1
0.713232 0.127615 10
0.053409 0.449473 7
0.552971 0.000000 8
0.278690 0.801156 2
0.556116 0.388759 4
0.813684 0.273007 8
0.379652 0.779050 5
0.311957 0.770744 6
0.610276 0.135921 7
0.007232 0.514199 3
0.583848 0.000000 10
0.272963 0.663559 3
0.627689 0.490482 2
0.663604 0.319904 1
0.400598 0.789367 3
0.308219 0.750903 3
0.568489 0.130103 8
0.061824 0.512356 3
0.564834 0.000000 6
0.311056 0.758325 3
0.561643 0.545720 9
0.661325 0.359381 3
0.320936 0.657379 4
0.246547 0.664846 8
0.632270 0.128030 10
0.025627 0.452505 1
0.543698 0.014027 4
0.206816 0.709534 3
0.612483 0.506791 6
0.717472 0.345874 3
0.509618 0.739852 2
0.326210 0.716336 8
0.702039 0.237024 6
0.134536 0.439587 9
0.510094 0.001655 2
0.274081 0.764304 4
0.556842 0.476702 9
0.700917 0.273073 8
0.395019 0.701034 2
0.334397 0.737304 6
0.646872 0.155825 9
0.205400 0.402374 3
0.660061 0.123789 2
0.296518 0.663449 1
0.553590 0.484801 10
0.611720 0.311956 4
0.359646 0.664005 7
0.300552 0.768011 6
0.677595 0.074484 1
0.077768 0.458227 1
0.550808 0.000000 6
0.238462 0.625238 7
0.541364 0.386706 4
0.672391 0.386204 7
0.432846 0.759035 7
0.181585 0.765432 7
0.681685 0.122203 5
0.099633 0.467219 9
0.662162 0.063374 5
0.249453 0.695436 3
0.571423 0.477202 4
0.762243 0.287051 6
0.453839 0.716847 6
0.301610 0.760943 1
0.718466 0.132669 3
0.156602 0.480934 1
0.566568 0.047754 7
0.262738 0.710018 1
0.496947 0.492007 1
0.751469 0.438856 2
0.329470 0.612236 10
0.303398 0.771379 4
0.629916 0.106657 1
0.022609 0.431567 6
0.625008 0.074305 6
0.266649 0.661205 5
0.528667 0.414849 8
0.673521 0.297591 10
0.396621 0.709729 9
0.312361 0.832398 2
0.628480 0.122970 3
0.145902 0.401519 10
0.604206 0.000000 4
0.231454 0.690792 10
0.614747 0.429162 6
0.646012 0.386327 6
0.466178 0.792377 4
0.217757 0.730500 3
0.622350 0.151882 8
0.086590 0.425884 10
0.589084 0.000000 3
0.275947 0.703426 2
0.602983 0.420611 7
0.629268 0.382325 1
0.381387 0.739428 4
0.234797 0.770357 10
0.740670 0.139171 1
0.083355 0.467073 4
0.586925 0.000000 3
0.206705 0.746281 6
0.637034 0.400695 9
0.750727 0.279959 5
0.485047 0.653911 4
0.262724 0.675601 6
0.698113 0.048851 3
0.041706 0.425078 6
0.558467 0.060070 7
0.313975 0.675785 5
0.578632 0.479262 2
0.712057 0.345187 7
0.398458 0.735150 10
0.352499 0.654916 2
0.621172 0.157521 8
0.120779 0.436759 4
0.598417 0.010946 6
0.268458 0.681905 10
0.542756 0.420522 2
0.689314 0.282381 5
0.473427 0.630608 9
0.272637 0.777359 5
0.580121 0.093161 3
0.075756 0.428454 2
0.542142 0.002837 7
0.207598 0.657620 7
0.652879 0.506580 6
0.719706 0.313448 2
0.503043 0.794113 7
0.204432 0.730723 1
0.617954 0.260812 2
0.076653 0.538813 6
0.570308 0.047712 5
0.223149 0.700039 4
0.586280 0.386168 9
0.748797 0.324845 8
0.405973 0.758008 4
0.247022 0.631135 4
0.693277 0.122855 7
0.101087 0.405371 8
0.571587 0.039143 6
0.316037 0.696656 10
0.537814 0.423997 8
0.732883 0.438218 5
0.468557 0.733684 8
0.247716 0.788544 2
0.654539 0.095106 9
0.098317 0.444928 8
0.585276 0.000000 8
0.185755 0.637918 7
0.567691 0.472919 7
0.684028 0.385031 7
0.441908 0.683433 7
0.304663 0.785362 1
0.549751 0.150473 8
0.140774 0.445698 8
0.502710 0.000000 4
0.282214 0.625241 7
0.552232 0.504513 6
0.642707 0.315146 3
0.382223 0.792092 6
0.298375 0.758104 1
0.653888 0.071327 5
0.105165 0.509808 1
0.624917 0.000000 3
0.277556 0.615892 2
0.616594 0.429145 1
0.630751 0.345036 2
0.451924 0.844094 10
0.298020 0.663754 6
0.629166 0.116925 8
0.106178 0.464445 1
0.572633 0.000000 10
0.206796 0.640691 5
0.673559 0.455460 1
0.718930 0.360104 10
0.429291 0.705794 6
0.313384 0.662584 9
0.580558 0.136301 8
0.034234 0.540824 2
0.566397 0.016874 10
0.285245 0.770350 1
0.673130 0.448645 5
0.598805 0.406036 7
0.448007 0.748037 3
0.340168 0.759065 6
0.686669 0.179860 2
0.070232 0.486148 5
0.468737 0.000000 5
0.286837 0.607099 8
0.585517 0.438662 4
0.723758 0.319673 2
0.382599 0.700239 2
0.365249 0.735231 7
0.689373 0.118839 7
0.171100 0.388812 1
0.556726 0.000000 6
0.253739 0.685314 5
0.514477 0.420521 8
0.769329 0.474498 3
0.359817 0.714981 6
0.312340 0.713586 6
0.707296 0.036168 4
0.092575 0.434204 2
0.595199 0.000000 10
0.329913 0.623604 8
0.563983 0.421114 5
0.617224 0.365223 10
0.484055 0.728465 1
0.295704 0.739213 6
0.543082 0.044839 5
0.064397 0.483279 9
0.546398 0.037898 9
0.339300 0.763378 5
0.627244 0.534184 6
0.663380 0.291187 8
0.373231 0.800066 5
0.329783 0.699057 2
0.713193 0.148024 1
0.007656 0.359374 3
