n 1500
m 1
tmax 20.000000
0.579282 0.162636 0
0.268923 0.522233 2
0.699387 0.716079 2
0.637490 0.202595 4
0.805266 0.301490 3
0.419516 0.753407 6
0.741783 0.051229 7
0.281690 0.656947 4
0.533553 0.462632 6
0.663622 0.139288 5
0.687393 0.522253 5
0.114817 0.637449 7
0.856691 0.147241 7
0.140697 0.523422 10
0.423147 0.696376 9
0.509473 0.000000 7
0.905541 0.732610 7
0.505504 0.840122 4
0.584676 0.122362 6
0.337703 0.639883 4
0.463573 0.576053 8
0.573392 0.210431 6
0.830060 0.299424 3
0.603681 0.772402 4
0.628498 0.000000 4
0.563575 0.512263 7
0.671141 1.000000 10
0.687266 0.194121 7
0.740505 0.545808 9
0.576284 0.902012 4
0.353969 0.251029 5
0.409353 0.774768 2
0.488064 0.816384 9
0.673021 0.224805 3
0.968784 0.311890 3
0.481606 0.867747 8
0.535821 0.000960 10
0.453044 0.351602 7
0.334786 0.846951 3
0.751580 0.280127 3
0.585832 0.523110 2
0.383229 0.947250 9
0.709966 0.000000 10
0.333136 0.607731 3
0.672054 0.761123 10
0.813301 0.000000 6
0.491456 0.462228 6
0.553990 0.953419 6
0.598320 0.377329 3
0.366642 0.639097 1
0.473554 0.722190 8
0.731783 0.299906 4
0.744699 0.651872 9
0.650209 0.996156 6
0.471566 0.170643 7
0.303570 0.648005 8
0.461003 0.583088 6
0.590595 0.197246 9
0.668748 0.211589 4
0.167603 0.740397 6
0.632360 0.240809 6
0.343970 0.711987 5
0.716152 1.000000 1
0.914817 0.328603 4
0.817725 0.404570 7
0.525504 0.925349 10
0.520735 0.072642 6
0.190303 0.677408 9
0.493485 0.954889 4
0.552215 0.301046 3
0.647838 0.162700 9
0.376236 1.000000 8
0.439073 0.355014 6
0.351294 0.834971 4
0.586806 0.696275 8
0.540994 0.207683 8
0.605245 0.377689 10
0.633082 0.889217 2
0.812876 0.261735 9
0.247816 0.760578 4
0.521012 0.556597 10
0.691855 0.000000 6
0.660106 0.483649 7
0.479956 0.988426 2
0.641625 0.093710 4
0.368861 0.836260 8
0.457245 0.977612 8
0.594695 0.113342 7
0.623789 0.481380 5
0.855929 0.825414 6
0.553655 0.218156 3
0.317387 0.655231 9
0.477023 0.683602 2
0.653948 0.027923 5
0.641247 0.760373 10
0.308084 0.724906 2
0.747463 0.314677 6
0.133171 0.333915 3
0.499779 0.735468 7
0.487525 0.152748 4
0.895016 0.615509 5
0.320531 0.713017 10
0.815272 0.247985 1
0.096596 0.622278 9
0.676045 0.670433 9
0.670905 0.038792 1
0.800449 0.487440 6
0.429035 0.824874 3
0.425263 0.122784 2
0.340831 0.689747 8
0.334999 0.721348 7
0.725084 0.385670 4
0.748157 0.152455 8
0.530530 0.708846 10
0.559638 0.176726 8
0.258875 0.568304 10
0.452708 0.588819 4
0.362883 0.170742 5
0.358485 0.617389 3
0.520576 0.999934 2
0.897556 0.118770 7
0.006018 0.558188 1
0.532231 0.535064 8
0.616478 0.406086 3
0.586883 0.494942 3
0.512350 0.827695 4
0.598907 0.323593 8
0.178417 0.651804 4
0.735748 0.711977 4
0.428897 0.246168 8
0.799213 0.115035 7
0.586399 0.847341 8
0.527026 0.065539 8
0.353792 0.792324 8
0.499043 0.700662 6
0.519136 0.202580 5
0.619240 0.370090 10
0.499245 1.000000 4
0.580331 0.000000 8
0.287824 0.487362 2
0.723539 0.545630 5
0.758753 0.254774 7
0.637310 0.141618 8
0.433922 0.890654 2
0.631349 0.152109 5
0.448817 0.666547 7
0.705241 0.634006 9
0.469104 0.226629 7
0.722708 0.154030 2
0.315228 0.824478 3
0.495675 0.218931 7
0.008342 0.623950 2
0.434786 0.543462 1
0.816337 0.154369 4
0.777131 0.365468 6
0.605733 0.729814 10
0.450488 0.357570 9
0.576694 0.517183 4
0.492186 0.986959 2
0.879834 0.000000 7
0.569219 0.520984 1
0.365911 1.000000 3
0.804131 0.102974 9
0.000000 0.869452 6
0.298127 0.553549 3
0.694474 0.051802 7
0.891438 0.354827 2
0.599230 0.744265 9
0.553997 0.054001 8
0.240377 0.397767 2
0.592439 0.888242 3
0.555150 0.000000 9
0.667880 0.414443 3
0.791120 0.564394 1
0.619160 0.000190 1
0.430572 0.748238 6
0.648477 0.830492 9
0.434044 0.094058 1
0.646361 0.169489 10
0.630247 0.522120 9
0.603588 0.345743 5
0.168598 0.734501 5
0.515915 1.000000 9
0.875574 0.159206 8
0.701931 0.318054 4
0.362734 0.946546 8
0.500184 0.122769 2
0.305483 0.397767 7
0.493627 0.661112 3
0.540184 0.000000 6
0.871140 0.574277 5
0.422649 0.912939 9
0.626256 0.241190 10
0.454628 0.700730 2
0.433514 0.622473 6
0.674461 0.216603 8
0.535676 0.049934 7
0.528239 0.760086 6
0.660147 0.153288 6
0.241463 0.539348 8
0.541994 0.599990 3
0.662286 0.128508 1
0.647945 0.527280 4
0.327934 0.612015 7
0.394462 0.197252 5
0.357688 0.494746 2
0.989624 0.704840 4
0.534060 0.000000 8
0.788073 0.340419 7
0.796478 0.750902 2
0.448091 0.112943 1
0.507645 0.692330 2
0.714538 0.897898 2
0.455995 0.113794 4
0.650711 0.418843 9
0.300560 0.783511 3
0.575624 0.247691 3
0.440110 0.496436 7
0.731032 0.559043 5
0.555662 0.169301 10
0.807284 0.234331 5
0.768105 1.000000 1
0.875561 0.071035 5
0.249595 1.000000 10
0.595385 0.740732 6
0.335324 0.000000 9
0.598554 0.414918 10
0.396363 0.778487 9
0.567076 0.000000 7
0.423130 0.398676 4
0.452613 0.772184 8
0.390348 0.000000 1
0.605411 0.589989 5
0.500888 0.869731 7
0.742496 0.251055 3
0.126577 0.561837 5
0.686918 0.441143 9
0.539526 0.000000 9
0.794138 0.248923 8
0.209330 0.590909 6
0.466607 0.061901 3
0.506551 0.750323 8
0.566874 0.781797 8
0.269061 0.088888 10
0.565392 0.027708 6
0.642558 0.872240 7
0.540898 0.161847 2
0.047565 0.517097 1
0.888623 0.777924 5
0.784632 0.297102 2
0.888562 0.381229 5
0.194487 0.715950 6
0.765670 0.189035 9
0.584657 0.662661 7
0.669775 0.557099 3
0.690295 0.219332 4
0.685456 0.322763 6
0.394281 0.967691 4
0.827093 0.291547 10
0.419689 0.565823 6
0.699160 0.812707 7
0.790678 0.331958 2
0.908908 0.117713 1
0.316025 0.682112 8
0.659082 0.139726 9
0.000000 0.391668 3
0.599103 0.793854 1
0.625122 0.104535 5
0.639806 0.193444 10
0.762402 1.000000 5
0.613087 0.319051 9
0.252913 0.681780 10
0.545220 0.723544 8
0.582288 0.387127 6
0.584315 0.324965 1
0.400143 0.858835 2
0.300177 0.034309 2
0.452612 0.585038 4
0.429372 0.379999 8
0.807064 0.153111 8
0.811764 0.453779 1
0.507350 0.742883 5
0.642718 0.220712 3
0.170813 0.604371 4
0.567437 0.601176 6
0.757434 0.124616 3
0.712762 0.272484 5
0.261466 0.768735 2
0.364003 0.081704 7
0.375647 0.432554 2
0.597271 0.480619 4
0.713754 0.000000 9
0.813454 0.086866 6
0.271627 0.383659 5
0.518802 0.137735 3
0.362523 0.614034 10
0.634156 0.730485 4
0.641204 0.301000 4
0.691979 0.138376 5
0.287279 0.939321 5
0.526353 0.248853 4
0.306502 0.410534 5
0.459947 0.701230 6
0.435763 0.229330 5
0.656279 0.439997 8
0.461556 0.580148 6
0.477093 0.052056 5
0.218522 0.608628 2
0.675011 0.779350 4
0.421994 0.318203 10
0.684644 0.623469 7
0.566805 0.571757 6
0.507128 0.000000 9
0.109465 0.878391 6
0.621227 0.498221 10
0.530135 0.439516 6
0.749893 0.411471 7
0.386860 0.821632 8
0.651880 0.246762 2
0.446615 0.794846 5
0.484418 0.763745 6
0.304119 0.206532 5
0.815014 0.409286 1
0.328104 0.750221 6
0.484780 0.025150 9
0.213618 0.860499 7
0.443196 0.864236 4
0.663947 0.096854 1
0.515730 0.808292 10
0.588964 0.942601 6
0.773497 0.000000 5
0.259053 0.501354 10
0.694895 0.576829 7
0.595097 0.045995 7
0.831026 0.211591 1
0.787340 0.876833 6
0.381487 0.330139 6
0.600834 0.819324 7
0.657469 0.582114 4
0.486073 0.020182 4
0.804513 0.454023 2
0.676135 0.838842 5
0.763243 0.144736 9
0.227035 0.766429 6
0.601750 0.727506 10
0.492441 0.375913 3
0.789212 0.372302 8
0.187731 0.960246 9
0.477004 0.205944 8
0.279923 0.703881 3
0.693494 0.713957 1
0.757218 0.021043 9
0.534097 0.347314 4
0.627391 0.905662 1
0.594793 0.362999 8
0.047673 0.925742 1
0.308532 0.812619 6
0.586594 0.145618 4
0.882348 0.219355 3
0.690042 0.649852 4
0.647924 0.223032 5
0.276243 0.717268 2
0.392475 0.656530 5
0.427183 0.421045 6
0.884128 0.401397 2
0.244032 1.000000 7
0.606519 0.195168 9
0.406693 0.686207 7
0.367207 0.780562 4
0.672899 0.298138 7
0.684211 0.043632 3
0.644848 0.957683 10
0.711404 0.283112 2
0.504149 0.751965 2
0.529000 0.603871 9
0.549223 0.022402 1
0.900514 0.238092 7
0.081720 0.851476 7
0.571518 0.000000 9
0.269650 0.575043 1
0.662179 0.769050 6
0.436901 0.089556 10
0.319616 0.083085 3
0.635798 0.817652 9
0.414807 0.000000 5
0.393084 0.445405 6
0.702032 0.522823 5
0.507925 0.060134 4
0.844785 0.272129 6
0.542765 0.860801 4
0.516970 0.269460 3
0.283092 0.423571 5
0.345484 0.790069 7
0.662260 0.190569 6
0.575304 0.480293 4
0.810532 0.749041 5
0.659313 0.074497 1
0.572027 0.552834 3
0.619712 0.666980 2
0.670918 0.088277 3
0.444012 0.282387 6
0.470471 0.891258 4
0.469914 0.282055 2
0.344440 0.594609 9
0.372041 0.955866 5
0.614639 0.040467 1
0.655115 0.392083 7
0.479104 0.839446 9
0.630446 0.155316 6
0.495010 0.468630 8
0.372686 0.738191 9
0.503235 0.566246 2
0.661983 0.432142 3
0.415442 0.699784 3
0.428039 0.061500 9
0.378392 0.399660 3
0.684726 0.765483 2
0.844858 0.388231 8
0.722546 0.355025 6
0.383376 0.812844 5
0.632382 0.253786 3
0.384661 0.550237 7
0.773554 0.588366 8
0.494224 0.340708 2
0.708728 0.440571 10
0.458951 0.695034 3
0.553876 0.198586 5
0.267622 0.784510 7
0.429721 0.739805 4
0.720542 0.137224 4
0.663495 0.349044 6
0.501968 1.000000 1
0.509221 0.226701 2
0.319747 0.447426 7
0.616666 0.826517 2
0.657543 0.045075 5
0.961925 0.616551 8
0.522789 0.768758 6
0.559322 0.325743 10
0.305478 0.906260 10
0.526900 0.610609 6
0.521785 0.375693 6
0.812639 0.388295 8
0.466788 0.865237 3
0.439345 0.433822 7
0.447666 0.432925 6
0.239786 0.775673 9
0.372438 0.018429 10
0.488263 0.263568 10
0.580532 0.692687 9
0.361923 0.244032 1
0.158895 0.562281 7
0.756864 1.000000 8
0.556172 0.177137 9
0.728333 0.327851 7
0.586446 0.731769 1
0.420973 0.166762 5
0.302995 0.587734 10
0.557650 0.841549 1
0.521370 0.154054 3
0.751408 0.048546 4
0.547221 1.000000 8
0.825759 0.179659 2
0.420185 0.425449 6
0.712147 0.413700 7
0.685143 0.168223 9
0.470368 0.381495 8
0.398578 0.953131 5
0.817460 0.135632 10
0.447941 0.480764 8
0.699244 0.554129 4
0.559127 0.306372 5
0.915092 0.397406 1
0.540053 1.000000 5
0.489092 0.332758 10
0.293098 0.472069 8
0.475937 0.555797 8
0.453306 0.375494 7
1.000000 0.393341 7
0.489299 0.816187 9
0.846054 0.000000 8
0.043251 0.894488 2
0.438731 0.704975 7
0.818534 0.516016 10
0.729142 0.602184 4
0.402704 0.747953 3
0.774529 0.198980 5
0.237418 0.909311 8
0.673361 0.830230 8
0.491748 0.299808 10
0.738007 0.557733 3
0.533594 0.838945 3
0.592372 0.071355 8
0.433411 0.592432 6
0.457657 0.469711 4
0.520239 0.094907 5
0.813987 0.192733 2
0.392127 0.816256 9
0.583255 0.181804 6
0.247835 0.668625 8
0.445452 0.594609 10
0.446264 0.000000 6
0.716383 0.496904 5
0.370052 0.810390 10
0.644604 0.065941 9
0.191085 0.522421 6
0.523512 0.624112 6
0.603972 0.286238 4
0.761163 0.259989 10
0.717493 0.864192 7
0.538560 0.025628 6
0.258363 0.295930 10
0.607439 0.984923 6
0.639272 0.000000 7
0.555398 0.327774 3
0.304920 0.810316 3
0.615726 0.064138 9
0.290383 0.490870 10
0.578342 0.671202 6
0.630680 0.005335 5
0.695313 0.702341 7
0.432353 0.807858 8
0.505656 0.155792 7
0.357639 0.363770 2
0.626451 0.617096 5
0.543335 0.285706 6
0.604149 0.387463 9
0.439376 0.785733 2
0.566888 0.074767 2
0.180670 0.677187 4
0.609933 1.000000 7
0.552658 0.126594 2
0.720848 0.405006 9
0.557554 0.729114 6
0.499475 0.000000 4
0.438025 0.702077 7
0.572018 0.957009 7
0.667121 0.038930 1
0.703382 0.526636 1
0.299257 0.684955 1
0.490897 0.133346 10
0.153436 0.745434 7
0.448135 0.760447 3
0.717366 0.097063 5
0.968515 0.227749 7
0.683775 0.522492 6
0.607048 0.316379 2
0.476248 0.589304 4
0.422750 0.653371 3
0.344802 0.271444 7
0.794169 0.335651 8
0.500891 0.675003 3
0.363829 0.147611 5
0.397768 0.594607 3
0.534937 0.605500 2
0.549231 0.000000 9
0.897440 0.220142 8
0.061218 0.731701 2
0.615826 0.000000 9
0.312705 0.616234 7
0.856811 0.757916 3
0.959143 0.116582 10
0.855720 0.169763 3
0.655065 0.869188 2
0.532449 0.270236 10
0.195494 0.823871 9
0.630388 0.943992 2
0.564090 0.164023 6
0.664794 0.328880 10
0.775156 0.785949 8
0.705950 0.053133 4
0.112461 0.411768 9
0.516422 0.590600 1
0.634801 0.076101 10
0.628696 0.375787 4
0.788634 0.618653 9
0.725765 0.200779 4
0.409493 0.692536 2
0.655731 0.763122 1
0.780492 0.000000 9
0.726995 0.341307 1
0.343718 0.913867 2
0.722031 0.189238 4
0.000000 0.525559 4
0.687698 0.642262 3
0.512902 0.304124 5
0.856333 0.567006 2
0.258357 0.881233 7
0.586711 0.290204 10
0.154358 0.760247 1
0.375692 0.760539 5
0.555546 0.357923 10
0.660417 0.320393 6
0.449693 0.974784 2
0.812852 0.018695 1
0.400923 0.550343 1
0.625546 1.000000 7
0.676153 0.319950 1
0.712037 0.563452 2
0.545235 1.000000 6
0.680621 0.152354 8
0.208322 0.399738 2
0.733114 0.799522 9
0.521405 0.392605 4
0.736457 0.086505 2
0.347711 0.735532 3
0.800982 0.233240 7
0.286415 0.657342 9
0.368771 0.738363 10
0.628575 0.209582 5
0.672552 0.230338 3
0.830969 0.827338 2
0.703070 0.121992 5
0.396753 0.713878 1
0.590087 0.646155 7
0.651945 0.209289 4
0.764443 0.345261 4
0.513128 0.850520 4
0.684209 0.142971 2
0.209610 0.622856 10
0.210334 0.842741 3
0.413891 0.000000 1
0.882991 0.260812 7
0.609478 0.934041 3
0.979816 0.027217 3
0.179092 0.319919 10
0.651678 0.752937 10
0.419260 0.149941 5
0.628559 0.287377 3
0.632280 0.745598 9
0.463847 0.165358 4
0.461210 0.656592 1
0.619903 0.776067 8
0.360592 0.349534 9
0.718823 0.623236 8
0.489678 0.958200 3
0.601776 0.023352 3
0.384466 0.668991 9
0.542439 0.597698 7
0.659633 0.059764 4
0.748568 0.486874 5
0.672632 0.894913 6
0.723208 0.006919 9
0.377838 0.347085 2
0.656367 0.701809 9
0.416898 0.017558 7
0.728450 0.518769 5
0.472439 1.000000 7
0.632695 0.311289 10
0.438617 0.600122 8
0.572501 0.932889 9
0.318315 0.010507 2
0.627408 0.511054 2
0.553336 0.833155 4
0.675918 0.461146 1
0.501229 0.556847 7
0.521594 0.708020 2
0.515368 0.201593 7
0.944335 0.213604 4
0.464463 0.486724 10
0.731537 0.208798 10
0.015573 0.552894 6
0.767370 0.665920 4
0.543147 0.000000 3
0.733383 0.337305 3
0.423908 1.000000 3
0.507555 0.253256 2
0.360643 0.705591 7
0.599690 0.417298 3
0.367709 0.230412 5
0.686547 0.455466 10
0.559247 0.861904 2
0.341376 0.240693 1
0.035357 0.454046 6
0.749774 0.429587 10
0.642660 0.219538 8
0.829665 0.342575 6
0.524566 0.704402 2
0.458917 0.188961 5
0.131358 0.728173 3
0.551024 0.797016 1
0.337061 0.200087 6
0.499539 0.227497 1
0.515861 0.828420 4
0.596807 0.238689 4
0.266750 0.656881 10
0.748751 0.996379 7
0.762144 0.244782 5
0.598277 0.441822 1
0.117932 0.717107 6
0.869319 0.000000 1
0.465740 0.723270 7
0.519615 0.758554 5
0.507687 0.052294 4
0.786054 0.481762 8
0.326011 0.764070 8
0.452206 0.000000 1
0.438636 0.464473 4
0.698888 0.737634 9
0.566426 0.000000 3
0.571668 0.428138 7
0.399614 0.990047 1
0.721923 0.183955 7
0.498173 0.773561 8
0.652817 0.686756 9
0.382083 0.000000 7
0.893254 0.262162 1
0.413901 0.834944 2
0.381674 0.283204 5
0.460539 0.519901 1
0.663130 0.766052 3
0.629218 0.082043 8
0.765315 0.191957 7
0.438406 0.972550 10
0.720518 0.148908 1
0.288826 0.695186 7
0.643378 0.812847 7
0.695234 0.000512 7
0.845082 0.536205 5
0.636653 1.000000 6
0.628528 0.132409 2
0.416288 0.661272 4
0.320622 0.496975 10
0.302598 0.000000 9
0.594895 0.362559 9
0.498714 0.818875 1
0.717233 0.107371 2
0.407077 0.731323 7
0.413151 0.840628 6
0.724793 0.000000 2
0.551537 0.339656 4
0.843138 1.000000 2
0.724966 0.246335 1
0.198319 0.766842 4
0.527275 0.874817 6
0.688952 0.205910 7
0.835672 0.442046 9
0.548917 0.888934 2
0.555606 0.234226 3
0.301332 0.760711 2
0.751115 0.741721 1
0.763150 0.033830 4
0.878179 0.185808 1
0.553433 0.705692 3
0.338019 0.426689 5
0.379942 0.656598 3
0.443111 0.866813 3
0.740305 0.248487 2
0.795981 0.438742 7
0.385664 0.878465 7
0.673899 0.447347 6
0.340583 0.635255 5
0.494602 0.879759 3
0.393921 0.187687 10
0.572034 0.232679 7
0.531495 0.709152 2
0.564432 0.076935 1
0.301762 0.700097 9
0.254037 0.856536 8
0.482222 0.186687 1
0.826484 0.423916 6
0.658786 0.752164 6
0.588751 0.295944 10
0.404634 0.892932 10
0.412513 0.834194 7
0.785161 0.000000 9
0.857851 0.432780 2
0.449130 0.705570 4
0.851344 0.190382 7
0.334712 0.456781 3
0.569224 0.680992 3
0.663833 0.000845 1
0.724565 0.046941 3
0.444108 0.854077 1
0.926339 0.154342 3
0.140858 0.335701 7
0.731528 0.892210 1
0.482916 0.027904 1
0.844504 0.101262 3
0.361693 0.671557 2
0.578531 0.180640 2
0.458616 0.624006 3
1.000000 0.806936 6
0.461415 0.142119 5
0.844889 0.233057 10
0.428517 0.892816 8
0.700529 0.091931 10
0.405301 0.495412 4
0.393290 0.814489 4
0.483817 0.260735 1
0.656214 0.425378 5
0.276919 0.763837 2
0.394003 0.249882 3
0.248235 0.559060 1
0.534263 0.624476 6
0.535191 0.000000 3
0.676266 0.151165 8
0.373151 0.781638 9
0.727055 0.000000 3
0.449862 0.534000 1
0.611524 0.828465 4
0.867270 0.163172 5
0.593005 0.166454 3
0.063180 0.680220 2
0.425351 0.366994 6
0.000000 0.479828 5
0.497992 0.923096 7
0.361481 0.328125 1
0.467325 0.506383 10
0.661753 0.709240 10
0.602804 0.128390 5
0.527293 0.541678 7
0.255087 0.802709 2
0.719616 0.201286 7
0.723160 0.291956 7
0.467196 1.000000 10
0.864393 0.174983 9
0.374477 0.513860 2
0.703889 0.721404 3
0.480666 0.189835 10
0.936544 0.085900 10
0.545356 0.713459 9
0.577978 0.196199 7
0.445027 0.453619 2
0.640411 0.676229 7
0.761122 0.124293 2
0.592455 0.336547 3
0.717346 0.734788 2
0.384237 0.000000 8
0.074459 0.601803 4
0.410190 0.639234 2
0.530605 0.093639 9
0.751368 0.461005 5
0.561800 1.000000 3
0.513621 0.088430 2
0.159404 0.565875 9
0.452906 0.847497 7
0.545976 0.000000 10
0.368659 0.238276 1
0.332389 0.613390 9
0.491553 0.253486 7
0.362664 0.678759 6
0.425272 0.723633 3
0.680699 0.000000 3
0.795959 0.511628 1
0.481582 0.875408 9
0.737507 0.091179 1
0.193227 0.426662 6
0.582221 0.490460 1
0.392060 0.366666 6
0.561193 0.421780 10
0.225483 1.000000 5
0.779335 0.138253 6
0.127575 0.538524 10
0.367642 0.848861 7
0.419937 0.295244 7
0.695179 0.213413 2
0.534182 0.763528 9
0.594015 0.468653 2
0.094171 0.456828 10
0.475320 0.558143 3
0.494057 0.000000 9
0.783947 0.354915 1
0.324725 0.819097 3
0.636310 0.060561 9
0.061028 0.649569 10
0.719166 0.828837 2
0.584344 0.341311 3
0.616076 0.320206 2
0.259785 1.000000 2
0.576027 0.416268 4
0.235144 0.476548 4
0.538804 0.719010 7
0.365086 0.241008 1
0.680013 0.552666 8
0.452567 1.000000 7
0.758494 0.000000 6
0.328716 0.607287 3
0.818323 0.592499 6
0.450844 0.238753 9
0.886856 0.512706 4
0.296611 0.751121 9
0.378203 0.055355 2
0.587251 0.610063 5
0.516853 0.757789 6
0.295259 0.000345 8
0.595408 0.504310 8
0.832806 0.758954 10
0.648598 0.000000 6
0.132106 0.584266 5
0.463157 1.000000 5
0.429308 0.228003 5
0.771311 0.450659 3
0.390837 0.793655 6
0.662451 0.127625 7
0.000000 0.291762 4
0.673278 0.534468 2
0.587984 0.258076 7
0.643609 0.461411 5
0.700903 0.685670 3
0.496584 0.268769 10
0.190077 0.231182 6
0.737990 0.712028 10
0.692462 0.182348 8
0.813828 0.430073 6
0.573680 0.768693 4
0.841663 0.205582 2
0.164656 0.647274 6
0.549872 0.559118 9
0.536870 0.122063 8
0.827847 0.397760 3
0.209849 1.000000 2
0.493696 0.000000 4
0.158207 0.510439 9
0.849829 0.497387 2
0.491238 0.000000 4
0.926850 0.302597 4
0.754391 1.000000 1
0.637571 0.122314 1
0.147421 0.368323 6
0.359483 0.824583 7
0.486441 0.000000 2
0.640326 0.050483 6
0.549323 0.471036 10
0.768631 0.104345 6
0.227450 0.689549 8
0.742573 0.764827 10
0.687180 0.221755 6
0.819834 0.333525 2
0.521466 0.744315 7
0.689758 0.292766 3
0.424033 0.740177 9
0.334131 0.722523 2
0.634426 0.002232 3
0.780347 0.455094 5
0.444734 0.729590 9
0.667279 0.130032 4
0.165362 0.374027 5
0.420571 0.594120 10
0.616778 0.139197 1
0.913703 0.293911 8
0.367978 0.704671 8
0.685241 0.136116 6
0.327025 0.664045 1
0.634871 0.728101 7
0.637908 0.327297 8
0.514213 0.385415 10
0.483391 0.791552 3
0.414502 0.157811 2
0.334140 0.578689 8
0.569751 0.718458 4
0.466073 0.336516 6
0.751188 0.360032 2
0.646296 0.602316 1
0.877417 0.162883 3
0.142549 0.591570 4
0.491547 0.822112 9
0.771403 0.148615 5
0.692920 0.319309 2
0.396379 0.748532 5
0.606263 0.113711 5
0.318438 0.469856 6
0.567071 0.867321 9
0.456986 0.057691 3
0.958871 0.472669 2
0.625880 0.628416 3
0.581964 0.232119 10
0.172465 0.304390 8
0.547611 0.868898 2
0.618870 0.389987 9
0.691664 0.378447 7
0.526925 0.682207 8
0.608755 0.420249 6
0.041793 0.669055 9
0.841705 0.688842 7
0.826631 0.010514 6
0.848350 0.333847 10
0.405219 0.838268 7
0.706592 0.000000 1
0.370163 0.798798 7
0.417017 0.612575 6
0.803888 0.000000 6
0.605457 0.239253 3
0.193032 0.801013 6
0.650601 0.000000 7
0.432669 0.509602 7
0.447850 0.748017 6
0.626318 0.068888 3
0.456554 0.376933 6
0.281769 0.550196 8
0.494733 0.200751 5
0.398739 0.551693 7
0.598450 0.913201 6
0.550543 0.000000 4
0.780138 0.086030 8
0.103011 1.000000 3
0.649794 0.147499 10
0.373011 0.347169 2
0.522909 0.684015 1
0.623851 0.199843 5
0.775162 0.189967 2
0.215965 1.000000 9
0.606032 0.361838 8
0.337977 0.488617 8
0.342060 0.661827 4
0.357642 0.185183 4
0.758997 0.673986 2
0.677292 0.763031 3
0.718312 0.000000 3
0.375040 0.593627 7
0.441646 0.504219 7
0.714079 0.135253 5
0.932175 0.643457 10
0.520038 0.611012 5
0.472157 0.000000 7
0.064290 0.740446 4
0.638018 0.891328 6
0.590061 0.000000 4
0.748251 0.243235 7
0.263839 0.864631 1
0.785551 0.000000 10
0.313989 0.580812 7
0.627853 0.982420 4
0.500490 0.066748 4
0.599860 0.325237 9
0.501075 1.000000 4
0.654492 0.153467 8
0.172816 0.455666 4
0.587899 0.546135 7
0.676739 0.123053 6
0.739714 0.349499 4
0.472234 0.926737 1
0.665523 0.015711 8
0.433435 0.584731 8
0.521154 0.822698 9
0.689558 0.322734 4
0.744244 0.000000 3
0.089319 0.812942 4
0.499596 0.051038 4
0.629103 0.489801 7
0.695933 0.621103 6
0.645166 0.247796 6
0.700922 0.240592 2
0.480841 0.946185 9
0.791588 0.248678 3
0.207012 0.782624 7
0.545626 0.871884 8
0.579779 0.115612 8
0.472810 0.527431 6
0.619805 1.000000 3
0.617813 0.019175 8
0.446129 0.553938 4
0.535645 0.642075 6
0.575288 0.327680 7
0.695090 0.490283 10
0.463049 1.000000 2
0.719623 0.117760 7
0.269880 0.727861 6
0.795434 0.466551 6
0.455656 0.380221 10
0.624673 0.406378 10
0.734819 0.780120 9
0.477231 0.105996 10
0.426786 0.640626 10
0.634687 0.524383 10
0.730320 0.054912 5
0.801546 0.530630 1
0.523522 0.756185 7
0.841629 0.414704 6
0.121519 0.465996 2
0.503831 0.723375 10
0.768020 0.000000 3
0.557284 0.090098 4
0.715650 0.839799 7
0.865905 0.000000 5
0.298769 0.520515 8
0.605428 0.636124 10
1.000000 0.125079 10
0.661543 0.419481 1
0.592142 1.000000 5
0.505925 0.000000 8
0.162217 0.791101 10
0.638253 0.708046 3
0.466933 0.036011 7
0.800181 0.479883 2
0.476596 0.688619 1
0.705262 0.182841 2
0.332005 0.627409 9
0.745368 0.625209 3
0.365435 0.320370 9
0.591915 0.326757 6
0.573955 0.816420 6
0.679144 0.421901 6
0.324231 0.941160 5
0.622771 0.811876 9
0.579133 0.158684 7
1.000000 0.152221 9
0.561869 1.000000 6
0.492525 0.003945 2
0.077697 0.624250 1
0.660900 0.784342 2
0.900410 0.277214 3
0.774394 0.247619 3
0.439982 0.840083 4
0.788570 0.549839 6
0.241545 0.788311 2
0.743717 0.662836 4
0.455135 0.355034 5
0.508367 0.414185 9
0.537716 1.000000 1
0.314004 0.249994 9
0.090112 0.568478 9
0.370296 0.936628 6
0.535598 0.049241 7
0.541164 0.450379 7
0.392722 0.790078 4
0.767296 0.000000 1
0.370013 0.748668 10
0.581929 0.775406 4
0.614513 0.047393 8
0.544705 0.560621 3
0.352235 0.756563 1
0.822517 0.186250 6
0.328251 0.567598 9
0.433609 0.584922 2
0.658800 0.332138 4
0.876402 0.280255 9
0.520716 0.745596 4
0.574219 0.251870 8
0.327556 0.655916 10
0.604579 0.683480 3
0.698156 0.129978 9
0.724396 0.446497 4
0.365763 0.777721 1
0.337817 0.081740 2
0.416531 0.653434 4
0.383350 0.683105 7
0.505906 0.119201 8
0.876781 0.575648 3
0.405590 0.723804 9
0.447909 0.111085 2
0.339958 0.563978 6
0.449197 0.731715 9
0.353051 0.038568 6
1.000000 0.421125 5
0.319525 0.737265 8
0.754075 0.022321 5
0.457871 0.474018 2
0.606835 0.597370 1
0.533405 0.095698 4
0.688464 0.209291 7
0.464834 0.795000 9
0.677209 0.062192 10
0.201405 0.745052 9
0.648534 0.403068 4
0.535980 0.098381 10
0.821780 0.357668 7
0.375176 0.887381 9
0.490354 0.053875 2
0.472571 0.706027 1
0.545473 0.913438 9
0.687057 0.291881 3
0.658999 0.540626 1
0.275851 0.803752 10
0.218454 0.153035 4
0.358696 0.813170 8
0.771322 0.728623 7
0.463466 0.000000 4
0.649723 0.191098 10
0.607254 1.000000 1
0.664308 0.400243 7
0.103497 0.257421 7
0.534819 0.660896 5
0.718613 0.123653 8
0.817680 0.286052 7
0.514114 0.890914 1
0.467407 0.304027 6
0.321352 0.653253 4
0.546511 0.912649 9
0.774824 0.122147 6
0.664801 0.061532 2
0.577486 1.000000 2
0.730927 0.232849 6
0.214011 0.422847 3
0.800820 0.802414 4
0.812673 0.092513 9
0.801777 0.429779 3
0.615439 0.530576 1
0.436956 0.108723 9
0.139174 0.367954 8
0.525645 0.700974 9
0.546254 0.278953 2
0.671093 0.559706 9
0.355907 1.000000 8
0.642320 0.244347 10
0.615020 1.000000 3
0.570778 0.810944 7
0.660159 0.129702 7
0.698935 0.396416 4
0.339688 0.714997 9
0.482351 0.209667 6
0.070574 0.502919 2
0.505985 0.676081 5
0.464444 0.148400 10
0.805139 0.349997 3
0.635515 0.709573 3
0.761142 0.054098 7
0.273574 0.455644 4
0.381864 0.646076 3
0.741752 0.072521 6
0.739764 0.294722 7
0.602065 0.893719 4
0.541877 0.161937 1
0.125810 0.518661 4
0.551382 0.600915 4
0.682954 0.059959 10
0.761911 0.236791 2
0.639067 0.895136 3
0.598363 0.367258 3
0.303617 0.420863 10
0.648918 0.923023 6
0.529461 0.300828 2
0.692914 0.443257 8
0.574039 0.788425 3
0.644176 0.130128 1
0.411538 0.515851 4
0.398410 0.754241 1
0.734693 0.211596 8
0.706515 0.235242 3
0.283372 1.000000 8
0.461623 0.275507 2
0.360939 0.584428 2
0.557632 0.539712 2
0.647224 0.000000 6
0.630509 0.650868 9
0.443277 1.000000 2
0.791582 0.498321 10
0.283928 0.669610 1
0.395265 0.979857 4
0.782853 0.143624 3
0.791091 0.436885 3
0.595693 1.000000 1
0.496719 0.022977 10
0.354526 0.670339 7
0.591169 0.776144 1
0.729560 0.451688 7
0.876396 0.170489 10
0.420168 1.000000 1
0.922403 0.000886 10
0.278947 0.734375 6
0.491666 0.848124 6
0.653253 0.000000 2
0.628591 0.176445 4
0.300372 0.871987 1
0.145764 0.360692 7
0.055070 0.693860 4
0.097828 0.671438 3
0.611423 0.330121 8
0.737961 0.397932 5
0.329009 0.791439 4
0.669132 0.104147 5
0.498393 0.710774 10
0.743459 0.527343 3
0.509779 0.181626 5
0.871497 0.458007 6
0.591891 0.789026 10
0.843780 0.051246 10
0.465829 0.446180 6
0.486579 0.858279 10
0.740031 0.071797 9
0.627918 0.598190 3
0.419149 0.741280 1
0.301896 0.164386 7
0.070129 0.665252 8
0.563901 0.931290 8
0.772237 0.256803 4
0.900122 0.302082 10
0.482481 0.985168 1
0.478448 0.050043 1
0.000000 0.711793 5
0.377563 0.714872 8
0.439024 0.132733 5
0.390207 0.186838 9
0.403821 0.671950 1
0.807700 0.086983 7
0.333739 0.553961 6
0.580124 0.719455 7
0.591513 0.485127 3
0.446622 0.273671 1
0.603982 0.799138 8
0.512437 0.163161 10
0.251288 0.345510 3
0.620661 0.492209 3
0.366893 0.096832 2
0.870286 0.198389 7
0.493208 0.535829 4
0.712804 0.359976 6
0.417252 0.476001 3
0.811135 0.757071 7
0.703755 0.053692 2
0.759200 0.260884 7
0.577714 0.785015 2
0.511299 0.285520 8
0.185461 0.791870 6
0.457150 0.969944 10
0.779856 0.215033 7
0.638845 0.334316 9
0.501009 0.765578 2
0.980805 0.000000 5
0.460825 0.399760 9
0.491013 1.000000 1
0.460672 0.386437 1
0.960506 0.476850 2
0.493539 0.932852 9
0.597478 0.173321 2
0.229171 0.637472 6
0.497307 0.570981 6
0.442824 0.469470 6
0.574114 0.489845 8
0.441100 0.954354 2
0.361560 0.143570 9
0.492731 0.804697 5
0.563665 0.655869 3
0.363730 0.095054 6
0.951577 0.482753 1
0.647806 1.000000 2
0.827955 0.148564 9
0.478396 0.324625 5
0.472817 0.572309 3
0.684163 0.029767 9
0.496755 0.253347 9
0.550926 0.818469 6
0.521060 0.016074 6
0.331230 0.717474 7
0.739178 0.825018 5
0.601199 0.163200 7
0.744092 0.272513 8
0.467186 0.877332 8
0.677518 0.224869 4
0.350763 0.457684 6
0.605165 0.634510 9
0.842694 0.233624 8
0.928378 0.400899 4
0.385012 0.802312 7
0.802934 0.194078 6
0.265655 0.342371 10
0.469169 0.657494 9
0.715611 0.084622 5
0.800826 0.404720 2
0.298247 1.000000 7
0.439486 0.217562 10
0.261760 0.790919 9
0.457345 0.712360 3
0.657775 0.198533 6
0.548184 0.319867 4
0.569172 0.952665 1
0.455694 0.397429 8
0.499494 0.276562 10
0.635182 0.869043 5
0.614169 0.003450 7
0.910421 0.433225 2
0.456700 0.707749 3
0.408588 0.063240 2
0.039285 0.536641 10
0.994344 0.819207 1
0.941628 0.012267 3
0.787811 0.543974 3
0.454233 0.846249 3
0.417630 0.118994 8
0.447622 0.752898 5
0.441348 0.935976 5
0.602631 0.128910 3
0.925835 0.529791 7
0.481144 0.728903 1
0.785402 0.279360 4
0.496710 0.982037 4
0.444698 1.000000 3
0.424858 0.192356 10
0.508793 0.380935 9
0.430457 1.000000 3
0.563232 0.216547 2
0.344365 0.353196 9
0.551204 0.878796 10
0.834996 0.000000 7
0.593161 0.621218 8
0.714877 0.776125 3
0.693744 0.163346 9
0.245898 0.656397 5
0.609803 0.578543 10
0.352301 0.066912 6
0.501003 0.150558 3
0.531142 0.946074 7
0.332001 0.031555 9
0.425183 0.738851 6
0.482561 0.930039 9
0.673094 0.227114 10
0.969023 0.420160 5
0.179761 0.632081 10
0.578188 0.000000 10
0.692057 0.577376 3
0.287739 0.579860 2
0.500778 0.000000 5
0.885741 0.357069 10
0.352530 0.665112 3
0.623146 0.114221 4
0.516089 0.665026 4
0.668781 0.664794 2
0.906680 0.015713 2
0.826920 0.533019 6
0.468748 0.815414 6
0.692740 0.000000 7
0.235220 0.580366 2
0.590061 0.593121 2
0.570994 0.355205 8
0.601102 0.203212 2
0.322167 0.906510 1
0.617837 0.198124 3
0.399731 0.562718 3
0.867365 0.803082 8
0.450939 0.043615 9
0.716271 0.437929 8
0.472843 1.000000 9
0.390544 0.072041 1
0.145901 0.481837 8
0.553158 0.740299 5
0.300483 0.278528 10
0.541744 0.289812 10
0.326705 0.826129 1
0.977851 0.000000 4
0.315179 0.701962 1
0.396900 0.520666 8
0.361874 0.027943 4
0.973340 0.559674 5
0.495977 0.934669 9
0.615328 0.435516 10
0.120156 0.633841 2
0.514090 0.548293 6
0.526543 0.387280 4
0.838487 0.508039 4
0.363347 1.000000 6
0.338937 0.000000 4
0.382506 0.630514 7
0.735574 0.785352 10
0.690287 0.097098 7
0.689366 0.468277 4
0.374635 0.708346 6
0.608357 0.162243 3
0.279443 0.403811 6
0.646070 0.669493 6
0.666116 0.196212 2
0.676076 0.000000 7
0.412783 0.873843 5
0.677770 0.087009 5
0.112921 0.592689 8
0.924168 0.642812 8
0.391105 0.015820 10
0.549823 0.222231 6
0.552454 0.834507 9
0.884000 0.232294 9
0.156296 0.359509 7
0.686054 0.888190 5
0.596124 0.000000 3
0.966747 0.336984 6
0.582384 0.825184 2
0.695995 0.185832 5
0.254389 0.377524 1
0.346374 0.744598 4
0.956084 0.281727 9
0.992995 0.470798 1
0.499285 0.880824 3
0.543870 0.049496 10
0.410106 0.777912 10
0.525108 0.946088 2
0.438272 0.034631 2
0.638088 0.194820 1
0.633413 1.000000 10
0.732719 0.358904 6
0.185814 0.525397 7
0.453989 0.770050 9
0.652248 0.000000 6
0.832358 0.437454 9
0.455524 0.605957 7
0.587796 0.330586 7
0.350162 0.664038 8
0.668361 0.743320 6
0.669154 0.185457 4
0.645446 0.273310 1
0.192973 0.696084 8
0.602912 0.046633 2
0.373341 0.687251 2
0.697944 0.610321 7
0.861930 0.243665 10
0.786462 0.394565 5
0.381063 0.738935 5
0.534826 0.238442 9
0.125831 0.598245 9
0.441384 0.697825 9
0.697189 0.107245 3
0.749067 0.071655 6
0.316708 0.972835 6
