n 300
m 1
tmax 11.580168
0.223962 0.640240 2
0.971776 0.041610 2
0.667581 0.080809 2
0.068325 0.234134 4
0.747259 0.007289 4
0.407799 0.123247 10
0.694437 0.025143 7
0.737456 0.582772 6
0.977962 0.502392 8
0.243952 0.087390 5
0.494827 0.958965 9
0.790415 0.684942 10
0.471499 0.593502 5
0.756960 0.837595 4
0.242597 0.276856 8
0.957345 0.913644 4
0.466608 0.236164 9
0.066968 0.700672 3
0.377462 0.783444 6
0.434512 0.927336 7
0.933402 0.225788 1
0.874578 0.406402 7
0.093781 0.355001 7
0.085591 0.291725 1
0.240511 0.232183 3
0.026646 0.392302 5
0.652618 0.196021 2
0.655650 0.766130 4
0.269015 0.842792 7
0.711527 0.941349 3
0.198161 0.385896 10
0.982491 0.183132 3
0.242444 0.835426 1
0.516386 0.718178 3
0.445399 0.748760 8
0.005179 0.240705 5
0.012861 0.024057 5
0.545519 0.784206 10
0.428136 0.387240 5
0.847625 0.977905 5
0.959930 0.564767 3
0.632610 0.420725 7
0.192722 0.628246 5
0.456580 0.114195 7
0.963109 0.148846 8
0.678056 0.474820 5
0.982445 0.339038 7
0.088775 0.249481 10
0.536010 0.888907 5
0.761536 0.608667 4
0.622442 0.407924 3
0.839402 0.588469 4
0.448008 0.382936 2
0.742914 0.910284 3
0.036477 0.417295 5
0.451343 0.223112 7
0.875425 0.826381 2
0.649670 0.741044 9
0.007130 0.545555 9
0.030365 0.839546 9
0.612691 0.693376 7
0.256724 0.481828 7
0.105482 0.213629 5
0.862502 0.949814 8
0.595112 0.529751 9
0.427358 0.452336 8
0.287358 0.341698 6
0.620110 0.653461 9
0.325427 0.469704 1
0.838300 0.912437 3
0.704187 0.458474 5
0.148292 0.199344 9
0.004033 0.632718 2
0.951948 0.738376 7
0.623376 0.630647 3
0.776227 0.743764 7
0.578396 0.464737 4
0.631831 0.105186 8
0.661924 0.115588 5
0.621768 0.966146 6
0.124274 0.622840 5
0.258607 0.163257 3
0.973062 0.931607 6
0.173409 0.349921 3
0.503248 0.856010 7
0.063238 0.027454 6
0.745858 0.866955 9
0.203382 0.980012 3
0.910109 0.960217 10
0.424857 0.290148 6
0.409694 0.697074 6
0.190074 0.044973 10
0.037359 0.243611 3
0.036128 0.569729 2
0.838265 0.367393 2
0.774000 0.375293 3
0.730260 0.733659 2
0.485173 0.176779 5
0.434012 0.174689 6
0.594093 0.475549 2
0.674267 0.817032 3
0.801033 0.002181 2
0.866053 0.693644 6
0.038027 0.939188 3
0.075779 0.238719 1
0.687995 0.982682 1
0.555792 0.782587 2
0.581603 0.191100 2
0.764786 0.104969 7
0.347689 0.540419 2
0.524326 0.294392 10
0.382362 0.032361 7
0.593352 0.022098 6
0.188084 0.855137 2
0.176468 0.501164 2
0.304152 0.147016 10
0.248109 0.294785 8
0.154741 0.599295 1
0.249831 0.664382 7
0.306686 0.882531 7
0.280794 0.450240 5
0.111203 0.347815 5
0.653838 0.789796 4
0.637369 0.965217 8
0.849081 0.444546 8
0.405166 0.284458 6
0.238268 0.054595 5
0.054615 0.377172 7
0.784849 0.161954 3
0.339558 0.637310 6
0.036549 0.649661 5
0.584524 0.512844 9
0.204300 0.557607 3
0.897702 0.798153 8
0.148862 0.374623 9
0.454101 0.882563 1
0.765169 0.170793 4
0.842231 0.329399 5
0.268387 0.907921 8
0.788927 0.672454 9
0.443990 0.367453 5
0.234063 0.155348 1
0.752498 0.194539 9
0.509783 0.385355 2
0.693816 0.959406 1
0.992528 0.340617 3
0.251091 0.697279 4
0.234292 0.571365 8
0.264464 0.259138 8
0.938665 0.120611 2
0.000545 0.637034 1
0.511084 0.308099 7
0.684449 0.443922 10
0.355119 0.040119 4
0.539619 0.352681 2
0.706592 0.672971 9
0.588308 0.868730 4
0.147297 0.195863 9
0.838187 0.777244 3
0.487207 0.550079 10
0.632583 0.926830 4
0.043832 0.544650 1
0.454311 0.142016 6
0.358348 0.846882 5
0.882796 0.747117 8
0.919544 0.352853 4
0.249326 0.880715 4
0.662740 0.728072 1
0.428643 0.520843 8
0.405737 0.014427 3
0.578446 0.393725 6
0.121272 0.285165 2
0.093684 0.572155 10
0.643109 0.895878 1
0.146350 0.195542 10
0.211845 0.935728 6
0.131250 0.384485 7
0.778965 0.084170 4
0.515315 0.662272 10
0.577475 0.528326 9
0.951508 0.664428 10
0.688744 0.543568 10
0.747703 0.393300 3
0.685711 0.249890 8
0.927693 0.900921 8
0.123235 0.930313 8
0.175790 0.234817 7
0.734052 0.092956 1
0.875288 0.008126 7
0.906532 0.165824 5
0.757750 0.921742 1
0.309682 0.955640 10
0.866949 0.215659 10
0.723053 0.700891 7
0.610973 0.085043 7
0.610996 0.390157 2
0.267968 0.683765 2
0.674753 0.474405 5
0.834439 0.157731 2
0.849818 0.575861 3
0.281119 0.605960 4
0.722201 0.353307 5
0.886221 0.384485 3
0.302515 0.119882 4
0.866043 0.342679 6
0.618379 0.694302 3
0.471171 0.719382 4
0.852143 0.322068 8
0.358700 0.548331 3
0.399890 0.059163 5
0.476003 0.392033 7
0.427472 0.434345 4
0.526450 0.570403 6
0.548111 0.273992 3
0.033600 0.076272 5
0.413827 0.812588 3
0.371908 0.520505 10
0.912186 0.127876 6
0.813430 0.055593 5
0.949524 0.717892 3
0.341092 0.894960 8
0.117185 0.403304 5
0.996609 0.284963 8
0.485830 0.219835 6
0.594472 0.571523 10
0.985455 0.924223 1
0.906879 0.697857 9
0.875722 0.915693 2
0.308551 0.505020 5
0.789534 0.134178 10
0.000505 0.592024 9
0.303294 0.074363 3
0.307107 0.034047 8
0.120411 0.960545 2
0.241250 0.652867 1
0.306765 0.979933 3
0.308937 0.224600 2
0.356914 0.234692 4
0.583121 0.061320 10
0.706291 0.029704 3
0.102170 0.874055 7
0.952072 0.407739 10
0.881571 0.932477 6
0.679638 0.920387 1
0.817467 0.319355 4
0.030991 0.664280 4
0.745815 0.470755 4
0.425260 0.806352 6
0.870327 0.098088 8
0.520139 0.814276 4
0.410582 0.271182 5
0.242865 0.196373 7
0.021984 0.096006 4
0.864033 0.723061 1
0.219033 0.528194 8
0.107429 0.180331 10
0.742840 0.939812 7
0.682019 0.690801 7
0.130663 0.436252 8
0.458739 0.305906 3
0.479132 0.153893 8
0.352542 0.960986 9
0.551847 0.541543 9
0.136031 0.295293 6
0.498474 0.124578 5
0.517488 0.901823 3
0.792763 0.061574 7
0.243251 0.716640 7
0.629937 0.468399 3
0.747640 0.957796 10
0.603021 0.876764 6
0.500773 0.389985 4
0.260490 0.594867 9
0.922416 0.705475 9
0.407500 0.363224 5
0.311818 0.481180 8
0.625964 0.524961 8
0.605875 0.113923 5
0.591217 0.759971 4
0.038821 0.914283 9
0.095739 0.958309 8
0.641049 0.562032 7
0.992973 0.675117 2
0.253014 0.656371 3
0.820247 0.611348 7
0.550961 0.105325 7
0.248542 0.869448 9
0.856439 0.175452 4
0.822213 0.689972 6
0.074100 0.665188 1
0.326977 0.999713 4
0.923257 0.914973 6
0.968306 0.536772 3
0.141346 0.842727 2
0.631127 0.521524 9
0.115106 0.003386 1
0.793291 0.040164 9
0.412957 0.616614 3
0.097474 0.031489 9
0.944769 0.495863 2
