n 300
m 1
tmax 1.334334
0.471096 0.867233 2
0.187394 0.364800 3
0.410749 0.947016 7
0.191756 0.407296 2
0.451601 0.941855 8
0.175821 0.323502 5
0.474354 0.899067 4
0.175396 0.394781 3
0.426373 0.868694 7
0.138128 0.375843 7
0.457861 0.953070 3
0.185490 0.372839 10
0.473888 0.938506 6
0.145955 0.332731 4
0.445776 0.910361 5
0.119005 0.401723 3
0.408776 0.985007 7
0.182900 0.406254 8
0.414053 0.892739 4
0.131036 0.366998 3
0.417537 0.948107 8
0.136444 0.353909 4
0.499742 0.883945 8
0.199048 0.356859 9
0.439004 0.913945 8
0.175628 0.367145 8
0.418833 0.886026 4
0.143404 0.340625 1
0.440847 0.913021 9
0.159395 0.325521 9
0.413273 0.919265 3
0.184523 0.323500 3
0.432252 0.913051 7
0.099298 0.359878 4
0.420333 0.976815 9
0.122253 0.288910 8
0.459562 0.948784 4
0.130255 0.379107 6
0.408770 0.937627 6
0.149869 0.338328 6
0.420314 0.893211 6
0.168574 0.359894 2
0.419827 0.902919 6
0.109509 0.372587 4
0.409545 0.892496 4
0.212031 0.379790 8
0.420397 0.913042 1
0.231964 0.285378 6
0.465924 0.942040 1
0.168561 0.412836 1
0.445054 0.886161 8
0.160835 0.381582 6
0.445129 0.867218 2
0.153571 0.362682 10
0.430870 0.861159 2
0.125398 0.361115 7
0.439882 0.883603 7
0.172093 0.375981 10
0.445189 0.914548 8
0.195977 0.358995 5
0.458203 0.910770 1
0.188507 0.374048 6
0.425545 0.907243 6
0.171227 0.339409 8
0.482295 0.883440 9
0.129808 0.386302 1
0.442182 0.890574 3
0.195350 0.319820 2
0.459138 0.940424 3
0.130395 0.357066 2
0.483219 0.893836 6
0.186782 0.329943 6
0.426957 0.925863 9
0.140362 0.394519 9
0.419765 0.885207 3
0.226208 0.366250 4
0.447505 0.953777 5
0.196121 0.381755 4
0.382921 0.900229 7
0.156093 0.383303 10
0.430176 0.870738 9
0.181041 0.365089 7
0.472483 0.911383 4
0.200448 0.410816 2
0.438914 0.938206 8
0.124662 0.386896 3
0.440353 0.961592 10
0.088590 0.389294 10
0.452486 0.868268 4
0.160028 0.377868 2
0.442635 0.861605 4
0.150968 0.346212 9
0.444305 0.922242 5
0.173816 0.335000 6
0.424823 0.925517 7
0.169380 0.320214 8
0.406480 0.923031 1
0.119087 0.361325 6
0.465373 0.894878 2
0.187980 0.343813 7
0.463567 0.882202 10
0.156236 0.278434 1
0.463520 0.930338 9
0.198652 0.314958 4
0.475649 0.899556 8
0.162808 0.407839 8
0.371981 0.964077 8
0.148109 0.353577 9
0.462815 0.899384 9
0.160710 0.346097 9
0.478352 0.899153 10
0.151605 0.326441 3
0.435617 0.914470 3
0.167888 0.365266 7
0.417420 0.871350 5
0.146563 0.367775 3
0.464006 0.922406 6
0.160477 0.390152 9
0.418261 0.943510 10
0.154888 0.372851 2
0.425172 0.893744 3
0.180702 0.340065 8
0.455073 0.917476 5
0.088247 0.398506 7
0.399318 0.923352 3
0.164510 0.346298 1
0.428249 0.914882 7
0.174794 0.349190 7
0.444743 0.930466 4
0.144796 0.385678 7
0.444349 0.938147 7
0.192839 0.314917 1
0.417051 0.896297 5
0.183444 0.318950 5
0.446141 0.904646 3
0.180435 0.318827 5
0.403934 0.866901 9
0.198915 0.360192 7
0.443815 0.904262 7
0.195399 0.331344 7
0.422213 0.947579 6
0.132088 0.395575 10
0.442177 0.931961 6
0.214812 0.357734 3
0.409951 0.866676 4
0.187916 0.355771 3
0.444384 0.899795 9
0.173481 0.357701 8
0.441084 0.902478 6
0.126108 0.335644 3
0.371762 0.915144 9
0.211830 0.319672 5
0.459052 0.919560 5
0.120368 0.407877 8
0.393361 0.890725 6
0.188902 0.396145 2
0.456820 0.904102 10
0.231291 0.396005 2
0.414067 0.913418 8
0.183498 0.324472 7
0.459552 0.916743 5
0.141832 0.317041 8
0.445858 0.998877 10
0.137995 0.381707 3
0.448224 0.891509 2
0.166632 0.352086 6
0.430839 0.951658 2
0.195728 0.362604 5
0.464111 0.889492 8
0.171291 0.368235 5
0.408594 0.896080 4
0.218313 0.381059 6
0.392019 0.871799 10
0.183828 0.329153 1
0.413301 0.902334 5
0.202352 0.405708 8
0.469552 0.888863 5
0.199900 0.376376 4
0.436642 0.964306 6
0.182006 0.303976 3
0.469694 0.911103 1
0.093533 0.325217 1
0.425439 0.882437 4
0.132242 0.380798 4
0.456835 0.950668 8
0.136886 0.375865 10
0.453570 0.881370 7
0.214657 0.332998 8
0.393637 0.846922 7
0.179042 0.380486 1
0.415211 0.928820 1
0.167495 0.400302 1
0.508606 0.894938 3
0.205370 0.309806 4
0.435248 0.912793 10
0.152497 0.318317 7
0.420075 0.903041 3
0.155257 0.387568 9
0.412260 0.919425 9
0.183791 0.331810 2
0.410336 0.940119 10
0.215300 0.375528 6
0.440007 0.928847 5
0.122639 0.349818 7
0.391088 0.925078 2
0.197632 0.336878 2
0.460328 0.925734 7
0.126314 0.379233 2
0.428267 0.913761 5
0.161816 0.377432 3
0.438934 0.925002 5
0.164285 0.338221 2
0.440793 0.885365 4
0.176348 0.342210 10
0.482180 0.943351 4
0.147891 0.377381 10
0.428620 0.920982 10
0.154456 0.372225 9
0.408374 0.882389 1
0.157186 0.317194 1
0.459480 0.898881 1
0.205460 0.382423 1
0.416045 0.966657 9
0.166100 0.362645 5
0.507487 0.961317 1
0.174544 0.359352 4
0.474432 0.941455 4
0.129001 0.388334 7
0.445228 0.933973 5
0.150046 0.343823 5
0.443418 0.944305 3
0.150656 0.356190 2
0.434161 0.964833 8
0.193248 0.326238 1
0.460269 0.890256 10
0.142433 0.356719 8
0.423456 0.865943 3
0.146495 0.367102 3
0.459233 0.923313 2
0.176663 0.358167 8
0.465814 0.893382 4
0.172990 0.345595 8
0.367060 0.930213 2
0.167296 0.334097 6
0.466602 0.883512 8
0.170978 0.302344 2
0.470342 0.913490 1
0.211864 0.383514 9
0.384916 0.897715 9
0.170290 0.395224 8
0.434106 0.902786 6
0.189655 0.326702 1
0.442090 0.964305 8
0.205166 0.299876 9
0.408931 0.949562 6
0.162848 0.285261 10
0.469988 0.914260 8
0.208810 0.344530 5
0.440542 0.936229 1
0.158470 0.358482 2
0.425958 0.938035 7
0.110022 0.362619 1
0.415900 0.897864 5
0.174506 0.351461 5
0.429524 0.897812 3
0.146473 0.294639 9
0.420947 0.900787 9
0.171299 0.373698 2
0.454977 0.879632 10
0.159184 0.345780 8
0.433966 0.912868 7
0.140654 0.364115 3
0.414178 0.916995 4
0.215209 0.340922 7
0.488916 0.900379 8
0.134915 0.346806 2
0.465655 0.893761 7
0.126563 0.364915 6
0.463238 0.910728 1
0.137041 0.352040 1
0.456994 0.923753 10
0.161386 0.341087 8
0.441574 0.932652 9
0.219115 0.366034 4
0.439797 0.878874 4
0.128729 0.291678 3
0.490172 0.902804 5
0.190296 0.388759 3
0.456425 0.888369 4
0.111914 0.327487 2
0.471970 0.900792 10
0.193088 0.376263 4
0.412382 0.946501 2
0.182881 0.311071 10
0.436717 0.923772 10
0.145328 0.310333 10
0.463176 0.927208 9
0.125026 0.382594 5
0.426066 0.883375 6
0.114445 0.428768 7
